epoch	train_loss	train_acc	val_loss	val_acc
1	4.665286	0.064867	5.360023	0.013765
2	2.813249	0.321496	3.055729	0.491071
3	1.542900	0.616241	1.178497	0.789063
4	0.813977	0.810843	0.549401	0.913318
5	0.385531	0.920691	0.254702	0.950521
6	0.166998	0.973485	0.166244	0.964658
7	0.084490	0.987216	0.138516	0.975818
8	0.055323	0.997869	0.124300	0.976562
9	0.030975	0.997869	0.104143	0.978423
10	0.024626	0.998580	0.093789	0.973214
11	0.020244	0.997869	0.089402	0.981771
12	0.017114	0.997869	0.099717	0.976562
13	0.011704	1.000000	0.077434	0.973214
14	0.009163	1.000000	0.076809	0.976562
15	0.008288	0.999290	0.092620	0.978423
16	0.006724	1.000000	0.085311	0.975818
17	0.005639	1.000000	0.101599	0.975074
18	0.006059	1.000000	0.076450	0.978423
19	0.006318	1.000000	0.078022	0.981771
20	0.006859	1.000000	0.076007	0.979167
21	0.004927	1.000000	0.071107	0.984375
22	0.004986	1.000000	0.069936	0.984375
23	0.004220	1.000000	0.070393	0.981771
24	0.004426	1.000000	0.066113	0.981771
25	0.003494	1.000000	0.075875	0.978423
26	0.004165	1.000000	0.086274	0.975074
27	0.003731	1.000000	0.080066	0.975074
28	0.003813	1.000000	0.068149	0.981771
29	0.002922	1.000000	0.068617	0.979167
30	0.002839	1.000000	0.089063	0.975818

[test_metric]
ACC_class_level	0.931034
P_macro_class_level	0.900383
R_macro_class_level	0.931035
F1_macro_class_level	0.909962
num_classes_in_val	87
target_success_ratio_threshold	0.900000
target_success_rate_class_level	0.931034
