epoch	train_loss	train_acc	val_loss	val_acc
1	4.731161	0.054688	5.297902	0.010417
2	2.952888	0.293561	3.246433	0.538690
3	1.640820	0.609138	1.249634	0.827753
4	0.782262	0.821496	0.511054	0.918527
5	0.392189	0.925900	0.354244	0.941220
6	0.187227	0.963542	0.217154	0.959449
7	0.085997	0.990767	0.142908	0.971354
8	0.047909	0.995028	0.156491	0.967262
9	0.029903	1.000000	0.141337	0.970610
10	0.024004	0.999290	0.125822	0.970610
11	0.016118	0.998580	0.110106	0.968750
12	0.014262	1.000000	0.134943	0.957961
13	0.011088	1.000000	0.112591	0.970610
14	0.009673	1.000000	0.104737	0.973958
15	0.007524	0.999290	0.128662	0.968006
16	0.005943	1.000000	0.127971	0.970610
17	0.006101	1.000000	0.105521	0.973958
18	0.005689	1.000000	0.107911	0.970610
19	0.004929	1.000000	0.104557	0.973958
20	0.005658	1.000000	0.104191	0.971354
21	0.004773	1.000000	0.105734	0.970610
22	0.004134	1.000000	0.098302	0.973958
23	0.004567	1.000000	0.100315	0.973958
24	0.004157	1.000000	0.119308	0.963914
25	0.003571	1.000000	0.112638	0.967262
26	0.003087	1.000000	0.098895	0.973958
27	0.004235	1.000000	0.102945	0.970610
28	0.003375	1.000000	0.096704	0.973958
29	0.003147	1.000000	0.101634	0.970610
30	0.002468	1.000000	0.099757	0.970610

[test_metric]
ACC_class_level	0.896552
P_macro_class_level	0.867816
R_macro_class_level	0.896552
F1_macro_class_level	0.877395
num_classes_in_val	87
target_success_ratio_threshold	0.900000
target_success_rate_class_level	0.896552
