epoch	train_loss	train_acc	val_loss	val_acc
1	4.507029	0.085937	5.417501	0.015625
2	2.449249	0.373343	3.031530	0.642485
3	1.221035	0.698864	1.007465	0.853423
4	0.564131	0.870265	0.478510	0.915179
5	0.315821	0.937263	0.365166	0.932292
6	0.134222	0.977746	0.254477	0.947173
7	0.064647	0.993608	0.212520	0.954985
8	0.034439	0.999290	0.227697	0.956845
9	0.025407	0.999290	0.176436	0.963542
10	0.019513	1.000000	0.186050	0.960193
11	0.014732	1.000000	0.164702	0.964658
12	0.009905	1.000000	0.183633	0.960193
13	0.008017	0.999290	0.167145	0.964658
14	0.007693	1.000000	0.183233	0.964658
15	0.006491	1.000000	0.153953	0.968750
16	0.006972	1.000000	0.161856	0.970610
17	0.005555	1.000000	0.156002	0.968006
18	0.004761	1.000000	0.190733	0.968006
19	0.006494	0.998580	0.175813	0.964658
20	0.009786	0.999290	0.169902	0.966146
21	0.012784	0.997159	0.183623	0.962798
22	0.005721	1.000000	0.157659	0.965402
23	0.004742	1.000000	0.160403	0.962798
24	0.003999	1.000000	0.168350	0.959449
25	0.002803	1.000000	0.144700	0.968750
26	0.003587	1.000000	0.153879	0.965402
27	0.002930	1.000000	0.151972	0.971354
28	0.002704	1.000000	0.157436	0.968006
29	0.002679	1.000000	0.149617	0.968750
30	0.002700	1.000000	0.208805	0.958705

[test_metric]
ACC_class_level	0.885057
P_macro_class_level	0.842912
R_macro_class_level	0.885057
F1_macro_class_level	0.856322
num_classes_in_val	87
target_success_ratio_threshold	0.900000
target_success_rate_class_level	0.885057
