epoch	train_loss	train_acc	val_loss	val_acc
1	4.699653	0.054688	5.372418	0.013765
2	2.732909	0.330019	3.232264	0.465774
3	1.522937	0.617188	1.127139	0.788690
4	0.779984	0.811790	0.551122	0.908482
5	0.359080	0.925663	0.292129	0.942708
6	0.172422	0.965199	0.166610	0.968750
7	0.076852	0.993371	0.117151	0.973958
8	0.053100	0.994318	0.103810	0.976562
9	0.036242	0.997159	0.091396	0.975074
10	0.024999	0.998580	0.070511	0.989583
11	0.017975	0.999290	0.081444	0.972470
12	0.013849	0.998580	0.059597	0.981771
13	0.010424	1.000000	0.060642	0.989583
14	0.008210	1.000000	0.061821	0.975818
15	0.009536	0.999290	0.062596	0.978423
16	0.008172	1.000000	0.053564	0.981771
17	0.005476	1.000000	0.059305	0.984375
18	0.005159	1.000000	0.053526	0.986979
19	0.004876	1.000000	0.050711	0.981771
20	0.005028	1.000000	0.057316	0.984375
21	0.003978	1.000000	0.053530	0.978423
22	0.004159	1.000000	0.047992	0.981771
23	0.003608	1.000000	0.055607	0.981027
24	0.005541	0.999290	0.048711	0.984375
25	0.004471	1.000000	0.049007	0.986979
26	0.004100	1.000000	0.057021	0.977679
27	0.003165	1.000000	0.048701	0.984375
28	0.002857	1.000000	0.055702	0.981027
29	0.003411	1.000000	0.047400	0.979167
30	0.002705	1.000000	0.049819	0.986979

[test_metric]
ACC_class_level	0.954023
P_macro_class_level	0.931035
R_macro_class_level	0.954023
F1_macro_class_level	0.938697
num_classes_in_val	87
target_success_ratio_threshold	0.900000
target_success_rate_class_level	0.954023
