epoch	train_loss	train_acc	val_loss	val_acc
1	4.639229	0.069602	5.319740	0.010417
2	2.554898	0.380682	3.056021	0.452009
3	1.322088	0.658854	1.026533	0.828869
4	0.647600	0.856771	0.591166	0.892857
5	0.314344	0.938447	0.396609	0.919643
6	0.135275	0.981534	0.226635	0.949033
7	0.082588	0.983428	0.207514	0.954241
8	0.049218	0.997869	0.191244	0.955729
9	0.034176	0.997869	0.173855	0.964658
10	0.022381	0.999290	0.164837	0.966146
11	0.017069	0.999290	0.182597	0.963914
12	0.012723	1.000000	0.153112	0.968006
13	0.010646	1.000000	0.165393	0.967262
14	0.008670	1.000000	0.170186	0.964658
15	0.007031	1.000000	0.130310	0.971354
16	0.005757	1.000000	0.131414	0.965402
17	0.005358	1.000000	0.124970	0.976562
18	0.005489	1.000000	0.128638	0.973214
19	0.006396	0.999290	0.130850	0.973958
20	0.008040	0.998580	0.140088	0.973958
21	0.005912	1.000000	0.132970	0.973958
22	0.004846	1.000000	0.139099	0.970610
23	0.004244	1.000000	0.144075	0.973214
24	0.003402	1.000000	0.119323	0.976562
25	0.003409	1.000000	0.119951	0.976562
26	0.003356	1.000000	0.148902	0.969866
27	0.003025	1.000000	0.145020	0.973214
28	0.003696	1.000000	0.119895	0.976562
29	0.002861	1.000000	0.123330	0.976562
30	0.002681	1.000000	0.117943	0.976562

[test_metric]
ACC_class_level	0.908046
P_macro_class_level	0.862069
R_macro_class_level	0.908046
F1_macro_class_level	0.877395
num_classes_in_val	87
target_success_ratio_threshold	0.900000
target_success_rate_class_level	0.908046
