epoch	train_loss	train_acc	val_loss	val_acc
1	5.377711	0.011746	4.089527	0.068662
2	2.944833	0.233599	1.767893	0.491197
3	1.153180	0.671432	0.676023	0.818662
4	0.441204	0.882092	0.361660	0.919894
5	0.244888	0.936170	0.240802	0.944982
6	0.079552	0.978613	0.199490	0.957306
7	0.057311	0.985262	0.142364	0.967870
8	0.084593	0.977615	0.166898	0.963028
9	0.064354	0.982602	0.153947	0.964349
10	0.056444	0.984929	0.164072	0.956426
11	0.026202	0.992243	0.119576	0.975792
12	0.024297	0.992575	0.127888	0.970511
13	0.012125	0.995124	0.108310	0.977993
14	0.026575	0.991578	0.123362	0.973592
15	0.026002	0.992575	0.169744	0.959067
16	0.018500	0.993794	0.108469	0.979754
17	0.011605	0.995789	0.105557	0.979313
18	0.025501	0.992575	0.186028	0.955986
19	0.023143	0.993684	0.107463	0.979313
20	0.014364	0.994459	0.106827	0.975792
21	0.006500	0.997119	0.105693	0.978873
22	0.005612	0.997340	0.104875	0.979313
23	0.005319	0.997008	0.105083	0.981074
24	0.005264	0.997230	0.108380	0.977113
25	0.005338	0.997451	0.104292	0.980194
26	0.004976	0.997119	0.109004	0.977993
27	0.005262	0.997008	0.108231	0.978873
28	0.004956	0.997340	0.112364	0.979313
29	0.005094	0.997340	0.109062	0.978873
30	0.005348	0.997230	0.106066	0.981074
31	0.004891	0.997230	0.105964	0.981514
32	0.004704	0.997451	0.106402	0.981514
33	0.004856	0.997784	0.105325	0.979754
34	0.004995	0.997340	0.106025	0.980194
35	0.004819	0.997784	0.109751	0.981514
36	0.004456	0.997895	0.111167	0.981074
37	0.004558	0.997340	0.116038	0.978873
38	0.005134	0.997340	0.113295	0.980194
39	0.004753	0.997340	0.108379	0.981074
40	0.004429	0.997451	0.109317	0.980634
41	0.004398	0.998005	0.115263	0.979313
42	0.004254	0.998116	0.107394	0.979754
43	0.004784	0.997895	0.111574	0.981074
44	0.004451	0.997784	0.117110	0.980194
45	0.004467	0.997340	0.115836	0.980634
46	0.004028	0.998116	0.110488	0.981954
47	0.003660	0.998227	0.116711	0.982394
48	0.004076	0.997895	0.110159	0.981514
49	0.003741	0.997784	0.110331	0.981954
50	0.003860	0.998227	0.112373	0.981514

[test_metric]
ACC_class_level	0.897163
P_macro_class_level	0.864066
R_macro_class_level	0.897163
F1_macro_class_level	0.874704
num_classes_in_val	282
target_success_ratio_threshold	0.900000
target_success_rate_class_level	0.897163
