epoch	train_loss	train_acc	val_loss	val_acc
1	5.672512	0.003103	5.652594	0.003961
2	4.600574	0.035239	3.544235	0.103873
3	3.227326	0.137190	2.585816	0.262324
4	2.199201	0.344193	1.571734	0.531250
5	1.203247	0.641068	0.734485	0.824384
6	0.485779	0.877438	0.361760	0.930458
7	0.290661	0.927416	0.276887	0.935299
8	0.198472	0.948692	0.237168	0.945863
9	0.157497	0.958112	0.296220	0.919454
10	0.118170	0.965980	0.249836	0.940141
11	0.052600	0.986259	0.137961	0.969190
12	0.040797	0.989140	0.196814	0.948944
13	0.057090	0.985483	0.182997	0.955106
14	0.051981	0.984597	0.151753	0.969190
15	0.044707	0.987145	0.141373	0.968310
16	0.019544	0.994127	0.123192	0.971831
17	0.018520	0.993351	0.124221	0.970070
18	0.011362	0.996343	0.111771	0.973592
19	0.008232	0.996343	0.111227	0.974032
20	0.007243	0.996454	0.114890	0.973592
21	0.006300	0.997119	0.119181	0.974032
22	0.006051	0.996897	0.115278	0.974032
23	0.007325	0.997119	0.123702	0.971831
24	0.007663	0.996676	0.112191	0.976232
25	0.005750	0.997451	0.120330	0.974472
26	0.005288	0.997784	0.120009	0.973151
27	0.006114	0.997230	0.115260	0.975792
28	0.005456	0.997340	0.116314	0.975792
29	0.005230	0.997562	0.118232	0.974032
30	0.005665	0.996897	0.115660	0.976232
31	0.005183	0.998005	0.115752	0.973592
32	0.005160	0.997119	0.115506	0.977113
33	0.028356	0.991578	0.131489	0.971831
34	0.008129	0.997230	0.113978	0.976232
35	0.005398	0.997784	0.111340	0.979313
36	0.004905	0.998005	0.111264	0.978873
37	0.004918	0.998005	0.113328	0.976673
38	0.005097	0.997673	0.111529	0.978433
39	0.004724	0.997895	0.110782	0.978433
40	0.004579	0.997895	0.115114	0.977113
41	0.004356	0.998338	0.111729	0.977553
42	0.004216	0.998449	0.118097	0.978433
43	0.004485	0.998227	0.117438	0.977113
44	0.004463	0.998116	0.114559	0.976673
45	0.004839	0.997562	0.113850	0.977113
46	0.004226	0.998116	0.112691	0.977993
47	0.004214	0.998116	0.114078	0.977553
48	0.004115	0.998116	0.118444	0.976232
49	0.004459	0.997784	0.113866	0.978873
50	0.003854	0.998449	0.116877	0.977993

[test_metric]
ACC_class_level	0.893617
P_macro_class_level	0.866430
R_macro_class_level	0.893617
F1_macro_class_level	0.875296
num_classes_in_val	282
target_success_ratio_threshold	0.900000
target_success_rate_class_level	0.893617
