epoch	train_loss	train_acc	val_loss	val_acc
1	5.670373	0.002770	5.653324	0.003521
2	4.982152	0.032580	3.496850	0.139525
3	2.234792	0.403590	1.144635	0.678697
4	0.675004	0.819814	0.432854	0.879401
5	0.331781	0.911458	0.279629	0.922095
6	0.110089	0.969969	0.117259	0.974912
7	0.061084	0.983488	0.130785	0.966109
8	0.069099	0.980275	0.193193	0.951585
9	0.069979	0.979610	0.115843	0.968310
10	0.096302	0.973848	0.111545	0.971391
11	0.025440	0.993684	0.076257	0.980634
12	0.014042	0.996343	0.074653	0.981074
13	0.016612	0.994570	0.068014	0.983275
14	0.013769	0.995900	0.150957	0.963908
15	0.082825	0.977726	0.120098	0.969630
16	0.023918	0.994016	0.076584	0.981954
17	0.010792	0.996454	0.070122	0.981954
18	0.007381	0.996897	0.064529	0.984595
19	0.007385	0.996676	0.068921	0.984155
20	0.014601	0.995013	0.092999	0.975352
21	0.009743	0.997451	0.069453	0.981514
22	0.006473	0.997562	0.076512	0.983715
23	0.005297	0.997562	0.080566	0.981954
24	0.018435	0.994127	0.094771	0.977553
25	0.016555	0.995124	0.069529	0.981954
26	0.011091	0.996454	0.072522	0.985035
27	0.005841	0.997784	0.069901	0.984155
28	0.003868	0.998338	0.076352	0.984155
29	0.004342	0.997784	0.070314	0.985035
30	0.003710	0.998670	0.074065	0.984155
31	0.003867	0.998449	0.074244	0.982835
32	0.003575	0.998670	0.073788	0.983715
33	0.003438	0.998559	0.071523	0.982835
34	0.003788	0.998449	0.070373	0.985035
35	0.004201	0.998005	0.070315	0.985035
36	0.002987	0.998449	0.072454	0.984155
37	0.002806	0.999003	0.077787	0.982835
38	0.003428	0.998559	0.072788	0.984595
39	0.003461	0.998781	0.075688	0.983715
40	0.002952	0.998892	0.073213	0.985035
41	0.001678	0.999446	0.074470	0.983275
42	0.001981	0.999224	0.074944	0.984155
43	0.002722	0.998781	0.088416	0.981954
44	0.001388	0.999446	0.081227	0.982835
45	0.003602	0.998338	0.069840	0.985035
46	0.001431	0.999668	0.071952	0.985475
47	0.000492	1.000000	0.071343	0.985915
48	0.000317	1.000000	0.070940	0.986356
49	0.000269	1.000000	0.071323	0.985915
50	0.000232	1.000000	0.071414	0.985915

[test_metric]
ACC_class_level	0.921986
P_macro_class_level	0.894799
R_macro_class_level	0.921986
F1_macro_class_level	0.903664
num_classes_in_val	282
target_success_ratio_threshold	0.900000
target_success_rate_class_level	0.921986
