epoch	train_loss	train_acc	val_loss	val_acc
1	4.505821	0.077903	2.761091	0.294454
2	1.552032	0.597185	0.699665	0.825704
3	0.417695	0.890957	0.288360	0.938380
4	0.197673	0.947363	0.187705	0.953345
5	0.133202	0.964982	0.218672	0.940581
6	0.058256	0.981494	0.094456	0.976232
7	0.047408	0.986037	0.093335	0.975792
8	0.051156	0.986591	0.111050	0.969630
9	0.054041	0.984375	0.123094	0.968310
10	0.055338	0.985040	0.136788	0.970070
11	0.019505	0.994902	0.067420	0.984595
12	0.008436	0.996232	0.068066	0.984595
13	0.007511	0.997230	0.197863	0.956426
14	0.060728	0.983932	0.119671	0.970511
15	0.033923	0.990027	0.069839	0.984155
16	0.019497	0.994348	0.078213	0.981954
17	0.006655	0.997784	0.062656	0.986796
18	0.005161	0.997562	0.062233	0.987236
19	0.005575	0.997230	0.062723	0.986796
20	0.004383	0.997895	0.064861	0.986796
21	0.004980	0.997562	0.062207	0.986356
22	0.004574	0.997895	0.062191	0.985475
23	0.004537	0.998338	0.063156	0.985035
24	0.005640	0.997008	0.064109	0.985915
25	0.004364	0.998227	0.065803	0.985915
26	0.004740	0.998005	0.063015	0.986796
27	0.004483	0.998005	0.066373	0.985475
28	0.004415	0.997784	0.063891	0.986356
29	0.004265	0.998559	0.064059	0.986356
30	0.003594	0.997895	0.063874	0.986356
31	0.004298	0.998005	0.064529	0.986356
32	0.004307	0.998338	0.065081	0.985475
33	0.005944	0.998338	0.072118	0.985475
34	0.014237	0.996786	0.087572	0.979313
35	0.003841	0.998670	0.071251	0.984595
36	0.003098	0.998559	0.067584	0.984595
37	0.002875	0.998781	0.071760	0.984155
38	0.002578	0.998670	0.071406	0.984595
39	0.002741	0.998670	0.071245	0.985035
40	0.002720	0.999003	0.066996	0.986356
41	0.002298	0.998892	0.072948	0.985035
42	0.002538	0.999003	0.068167	0.985915
43	0.003037	0.999003	0.067588	0.986356
44	0.002534	0.998781	0.070898	0.985475
45	0.003203	0.998338	0.066268	0.986796
46	0.001914	0.999113	0.070326	0.986356
47	0.001808	0.999446	0.067758	0.985915
48	0.002007	0.999113	0.068543	0.985915
49	0.001786	0.999335	0.066645	0.986356
50	0.001628	0.999335	0.070388	0.986356

[test_metric]
ACC_class_level	0.936170
P_macro_class_level	0.914894
R_macro_class_level	0.936170
F1_macro_class_level	0.921986
num_classes_in_val	282
target_success_ratio_threshold	0.900000
target_success_rate_class_level	0.936170
