epoch	train_loss	train_acc	val_loss	val_acc
1	5.668679	0.002438	5.609347	0.011004
2	4.166683	0.064273	3.191848	0.155370
3	2.471086	0.312722	1.836713	0.459947
4	1.263804	0.625000	0.927509	0.742518
5	0.729266	0.786680	0.584542	0.839789
6	0.271478	0.929743	0.269644	0.940141
7	0.197363	0.944814	0.278227	0.928257
8	0.146196	0.957336	0.269642	0.934419
9	0.118098	0.967531	0.244001	0.942782
10	0.122400	0.961879	0.300109	0.923415
11	0.065289	0.983045	0.140133	0.970511
12	0.035199	0.988918	0.147677	0.967430
13	0.039771	0.988143	0.143901	0.970511
14	0.018598	0.994348	0.147942	0.970070
15	0.048476	0.986259	0.214620	0.947623
16	0.026272	0.992021	0.124921	0.973592
17	0.011941	0.994902	0.168610	0.962588
18	0.050776	0.985040	0.145358	0.970951
19	0.024978	0.991689	0.141672	0.967430
20	0.020954	0.993684	0.145955	0.970951
21	0.008087	0.996232	0.119329	0.974032
22	0.006440	0.997340	0.123552	0.972271
23	0.006208	0.996454	0.120878	0.973592
24	0.006229	0.996454	0.121486	0.973592
25	0.005865	0.996786	0.117879	0.975352
26	0.005837	0.996676	0.121055	0.973592
27	0.005711	0.997119	0.119707	0.974472
28	0.005688	0.996676	0.120801	0.974472
29	0.005650	0.996786	0.121057	0.973592
30	0.005967	0.996011	0.124699	0.974032
31	0.005528	0.996565	0.121200	0.974912
32	0.005577	0.996565	0.119920	0.975792
33	0.005382	0.996897	0.120887	0.975352
34	0.005317	0.996676	0.123533	0.974912
35	0.005373	0.996565	0.123614	0.974032
36	0.005414	0.996676	0.123252	0.974912
37	0.005449	0.996676	0.120945	0.977113
38	0.005207	0.997119	0.122142	0.976232
39	0.005147	0.997008	0.121608	0.975352
40	0.005135	0.996676	0.119278	0.975792
41	0.005075	0.997230	0.124895	0.974472
42	0.005121	0.996786	0.126593	0.973592
43	0.005040	0.997340	0.123060	0.974912
44	0.005095	0.996565	0.122361	0.975352
45	0.005058	0.996897	0.126084	0.977113
46	0.008268	0.996343	0.124972	0.973592
47	0.005374	0.997784	0.121754	0.974472
48	0.004509	0.997895	0.124116	0.974472
49	0.004622	0.997562	0.121074	0.974912
50	0.004372	0.997784	0.120686	0.974472

[test_metric]
ACC_class_level	0.897163
P_macro_class_level	0.859338
R_macro_class_level	0.897163
F1_macro_class_level	0.871158
num_classes_in_val	282
target_success_ratio_threshold	0.900000
target_success_rate_class_level	0.897163
