epoch	train_loss	train_acc	val_loss	val_acc
1	4.385206	0.270833	5.265278	0.013021
2	2.647323	0.737689	3.614058	0.197173
3	1.617911	0.917140	1.914430	0.812128
4	0.964145	0.970644	1.211949	0.925595
5	0.562664	0.991714	0.797295	0.968750
6	0.321688	0.997869	0.559971	0.976562
7	0.220098	1.000000	0.414284	0.979167
8	0.157169	1.000000	0.385840	0.963914
9	0.118386	1.000000	0.300532	0.975074
10	0.095555	1.000000	0.254709	0.981027
11	0.076507	1.000000	0.223763	0.979167
12	0.064198	1.000000	0.212917	0.975818
13	0.058082	1.000000	0.196022	0.979167
14	0.051171	1.000000	0.185105	0.981771
15	0.046143	1.000000	0.185973	0.981771
16	0.040612	1.000000	0.172569	0.981771
17	0.038705	1.000000	0.179074	0.981771
18	0.036909	1.000000	0.175458	0.981771
19	0.034831	1.000000	0.172084	0.975074
20	0.032156	1.000000	0.172172	0.978423
21	0.029953	1.000000	0.169426	0.975074
22	0.028948	1.000000	0.158732	0.978423
23	0.027231	1.000000	0.156304	0.984375
24	0.027299	1.000000	0.157114	0.981771
25	0.026181	1.000000	0.162019	0.975818
26	0.023794	1.000000	0.150336	0.984375
27	0.024175	1.000000	0.148360	0.981771
28	0.024218	1.000000	0.166434	0.978423
29	0.022671	1.000000	0.138343	0.981771
30	0.022375	1.000000	0.140293	0.984375

[test_metric]
ACC_class_level	0.931034
P_macro_class_level	0.911877
R_macro_class_level	0.931035
F1_macro_class_level	0.917625
num_classes_in_val	87
target_success_ratio_threshold	0.900000
target_success_rate_class_level	0.931034
