epoch	train_loss	train_acc	val_loss	val_acc
1	4.299917	0.308239	5.172119	0.010417
2	2.541527	0.772017	3.998142	0.100446
3	1.516289	0.930161	1.665261	0.898810
4	0.852632	0.983428	1.103176	0.921503
5	0.477060	0.997159	0.774717	0.952753
6	0.279860	1.000000	0.420687	0.978423
7	0.182506	1.000000	0.345642	0.980283
8	0.137769	1.000000	0.249549	0.981027
9	0.100049	1.000000	0.225669	0.981027
10	0.078022	1.000000	0.198342	0.976562
11	0.066980	1.000000	0.173798	0.989583
12	0.058055	1.000000	0.187216	0.983631
13	0.052768	1.000000	0.163155	0.975074
14	0.047638	1.000000	0.153333	0.986979
15	0.043004	1.000000	0.160648	0.989583
16	0.038754	1.000000	0.143811	0.981027
17	0.036297	1.000000	0.137222	0.983631
18	0.033507	1.000000	0.130983	0.989583
19	0.031953	1.000000	0.128670	0.986979
20	0.030114	1.000000	0.137585	0.980283
21	0.028160	1.000000	0.116571	0.984375
22	0.026785	1.000000	0.118056	0.986979
23	0.026543	1.000000	0.131326	0.977679
24	0.024949	1.000000	0.118555	0.983631
25	0.024542	1.000000	0.112998	0.986979
26	0.023157	1.000000	0.110489	0.986979
27	0.022540	1.000000	0.111853	0.981027
28	0.022165	1.000000	0.115674	0.983631
29	0.021468	1.000000	0.114127	0.983631
30	0.020848	1.000000	0.103401	0.986979

[test_metric]
ACC_class_level	0.965517
P_macro_class_level	0.948276
R_macro_class_level	0.965517
F1_macro_class_level	0.954023
num_classes_in_val	87
target_success_ratio_threshold	0.900000
target_success_rate_class_level	0.965517
