epoch	train_loss	train_acc	val_loss	val_acc
1	4.444563	0.276042	5.139358	0.010417
2	2.670431	0.759706	3.722874	0.247396
3	1.576904	0.932055	1.680370	0.852679
4	0.914024	0.982718	1.167103	0.944568
5	0.510444	0.998580	0.872722	0.952381
6	0.287534	1.000000	0.547190	0.973214
7	0.192400	1.000000	0.377433	0.984375
8	0.143750	1.000000	0.353857	0.981027
9	0.111838	1.000000	0.291938	0.979167
10	0.089094	1.000000	0.243825	0.986979
11	0.072979	1.000000	0.219738	0.989583
12	0.062656	1.000000	0.205520	0.989583
13	0.055513	1.000000	0.184498	0.989583
14	0.048480	1.000000	0.189083	0.989583
15	0.043473	1.000000	0.178446	0.989583
16	0.040821	1.000000	0.193878	0.986235
17	0.037710	1.000000	0.167104	0.989583
18	0.033957	1.000000	0.163782	0.989583
19	0.035065	1.000000	0.178296	0.986235
20	0.032457	1.000000	0.158069	0.986979
21	0.030143	1.000000	0.157045	0.989583
22	0.029156	1.000000	0.153183	0.989583
23	0.026224	1.000000	0.146709	0.989583
24	0.025071	1.000000	0.160871	0.986235
25	0.025115	1.000000	0.157015	0.989583
26	0.024044	1.000000	0.145183	0.989583
27	0.023650	1.000000	0.139452	0.989583
28	0.022958	1.000000	0.140906	0.989583
29	0.022617	1.000000	0.147860	0.989583
30	0.021603	1.000000	0.155769	0.989583

[test_metric]
ACC_class_level	0.954023
P_macro_class_level	0.931035
R_macro_class_level	0.954023
F1_macro_class_level	0.938697
num_classes_in_val	87
target_success_ratio_threshold	0.900000
target_success_rate_class_level	0.954023
