epoch	train_loss	train_acc	val_loss	val_acc
1	4.339162	0.311553	5.198780	0.013765
2	2.534935	0.772491	3.682208	0.218750
3	1.485354	0.928030	1.882353	0.856399
4	0.884955	0.978930	1.209066	0.941220
5	0.489677	0.996449	0.759731	0.984375
6	0.281212	1.000000	0.445351	0.983631
7	0.187215	1.000000	0.320911	0.983631
8	0.137173	1.000000	0.271231	0.992187
9	0.108442	1.000000	0.242034	0.988839
10	0.084055	1.000000	0.194317	0.986979
11	0.071350	1.000000	0.193278	0.986235
12	0.060272	1.000000	0.167158	0.989583
13	0.051946	1.000000	0.158469	0.992187
14	0.047531	1.000000	0.138127	0.989583
15	0.042829	1.000000	0.148864	0.989583
16	0.039374	1.000000	0.136038	0.992187
17	0.036391	1.000000	0.130617	0.992188
18	0.034441	1.000000	0.129667	0.989583
19	0.032263	1.000000	0.120905	0.986235
20	0.031048	1.000000	0.124308	0.992187
21	0.029000	1.000000	0.133989	0.986235
22	0.028899	1.000000	0.117162	0.992187
23	0.027192	1.000000	0.111076	0.992187
24	0.025938	1.000000	0.128309	0.986235
25	0.024850	1.000000	0.109578	0.989583
26	0.023608	1.000000	0.129303	0.988839
27	0.022827	1.000000	0.109818	0.992187
28	0.022309	1.000000	0.106041	0.992188
29	0.021991	1.000000	0.131252	0.988839
30	0.020578	1.000000	0.103387	0.989583

[test_metric]
ACC_class_level	0.965517
P_macro_class_level	0.948276
R_macro_class_level	0.965517
F1_macro_class_level	0.954023
num_classes_in_val	87
target_success_ratio_threshold	0.900000
target_success_rate_class_level	0.965517
