epoch	train_loss	train_acc	val_loss	val_acc
1	4.330259	0.292377	5.122303	0.010417
2	2.579299	0.751184	3.874043	0.161086
3	1.516350	0.942472	1.833392	0.919271
4	0.883956	0.983665	1.267141	0.919271
5	0.495066	0.995739	0.702357	0.973958
6	0.275966	1.000000	0.487217	0.968006
7	0.188151	0.999290	0.353498	0.971354
8	0.132240	1.000000	0.311256	0.970610
9	0.104936	1.000000	0.277619	0.976562
10	0.084579	1.000000	0.232209	0.979167
11	0.068287	1.000000	0.225603	0.973214
12	0.060189	1.000000	0.214474	0.976562
13	0.053070	1.000000	0.214413	0.979167
14	0.048183	1.000000	0.202149	0.979167
15	0.043729	1.000000	0.193591	0.976562
16	0.039935	1.000000	0.189325	0.976562
17	0.037992	1.000000	0.184722	0.976562
18	0.034515	1.000000	0.182193	0.976562
19	0.033617	1.000000	0.193581	0.975818
20	0.032317	1.000000	0.180230	0.975818
21	0.029915	1.000000	0.172031	0.976562
22	0.028001	1.000000	0.192727	0.969866
23	0.026891	1.000000	0.163514	0.979167
24	0.026268	1.000000	0.170811	0.978423
25	0.025844	1.000000	0.167814	0.976563
26	0.023407	1.000000	0.174524	0.973214
27	0.024843	1.000000	0.161808	0.973214
28	0.022747	1.000000	0.159315	0.979167
29	0.022560	1.000000	0.154492	0.981771
30	0.021589	1.000000	0.170600	0.975818

[test_metric]
ACC_class_level	0.919540
P_macro_class_level	0.888889
R_macro_class_level	0.919540
F1_macro_class_level	0.898467
num_classes_in_val	87
target_success_ratio_threshold	0.900000
target_success_rate_class_level	0.919540
