epoch	train_loss	train_acc	val_loss	val_acc
1	38.895339	0.025488	3.614563	0.083767
2	28.613520	0.243351	1.738412	0.467448
3	18.911005	0.649158	0.691444	0.802951
4	10.907287	0.889074	0.338223	0.932726
5	5.763174	0.965980	0.211868	0.967448
6	3.270234	0.987589	0.172568	0.977865
7	2.942910	0.983932	0.158209	0.980035
8	1.973040	0.994681	0.165892	0.978299
9	1.684891	0.995013	0.152838	0.983073
10	1.502561	0.996011	0.158800	0.982205
11	1.358114	0.997119	0.151339	0.983941
12	1.268706	0.997008	0.169874	0.981771
13	1.208280	0.997895	0.154079	0.983941
14	1.249944	0.995235	0.151279	0.983073
15	1.158977	0.995900	0.178332	0.980903
16	1.106100	0.996454	0.153577	0.985677
17	1.066402	0.997451	0.151948	0.985243
18	1.050182	0.997562	0.154830	0.984809
19	1.032452	0.997340	0.151729	0.985243
20	1.015771	0.997340	0.156317	0.983507
21	0.993566	0.998005	0.151074	0.985243
22	0.984934	0.997562	0.148563	0.985243
23	0.973645	0.997784	0.149783	0.985243
24	0.965827	0.998005	0.147657	0.985677
25	0.956923	0.998338	0.147396	0.983941
26	0.945451	0.998338	0.144805	0.985677
27	0.940436	0.997784	0.148140	0.985677
28	0.934635	0.998338	0.159319	0.983507
29	0.931684	0.997562	0.147952	0.984375
30	0.926358	0.998116	0.141873	0.986545
31	0.918185	0.998449	0.146344	0.985243
32	0.915684	0.998116	0.142000	0.986111
33	0.912175	0.998227	0.150242	0.983941
34	0.910185	0.997784	0.142706	0.986545
35	0.904692	0.999224	0.141566	0.986545
36	0.899964	0.998449	0.141614	0.985677
37	0.896290	0.999113	0.141501	0.986111
38	0.893821	0.999224	0.158475	0.984809
39	0.894399	0.998449	0.188758	0.983073
40	0.890662	0.999003	0.156422	0.985243

[test_metric]
ACC_class_level	0.929078
P_macro_class_level	0.902778
R_macro_class_level	0.929078
F1_macro_class_level	0.910993
num_classes_in_val	282
target_success_ratio_threshold	0.900000
target_success_rate_class_level	0.929078
