epoch	train_loss	train_acc	val_loss	val_acc
1	31.386589	0.173870	1.828927	0.503472
2	17.294308	0.768395	0.328819	0.918403
3	8.448786	0.955120	0.209035	0.945747
4	4.904458	0.961879	0.143517	0.973524
5	3.038672	0.978059	0.104673	0.978733
6	1.936000	0.993905	0.109922	0.982639
7	1.640448	0.993351	0.084439	0.984809
8	1.556625	0.992908	0.153714	0.976562
9	1.468748	0.995013	0.104194	0.981771
10	1.284248	0.994459	0.080660	0.986111
11	1.172323	0.996232	0.078640	0.986979
12	1.119947	0.996343	0.075437	0.987847
13	1.085313	0.997230	0.080853	0.986545
14	1.080108	0.996454	0.076001	0.987413
15	1.052134	0.996232	0.077632	0.985677
16	1.012591	0.997340	0.082868	0.985677
17	0.997478	0.997340	0.077069	0.986545
18	0.984452	0.996897	0.077120	0.986111
19	0.974190	0.997119	0.076517	0.987847
20	0.963399	0.997008	0.077055	0.986979
21	0.948408	0.998338	0.076848	0.988281
22	0.941728	0.998338	0.094940	0.984809
23	0.936317	0.998116	0.076938	0.987847
24	0.930970	0.998005	0.078500	0.987413
25	0.926924	0.998005	0.075403	0.989149
26	0.917594	0.998116	0.078074	0.986545
27	0.911997	0.998338	0.075571	0.989583
28	0.910816	0.998116	0.075553	0.988715
29	0.906344	0.998338	0.073156	0.988715
30	0.906376	0.997451	0.075482	0.987847
31	0.896924	0.998449	0.075438	0.988281
32	0.893841	0.998670	0.074681	0.990017
33	0.892677	0.998116	0.073908	0.987847
34	0.891635	0.998781	0.074089	0.990451
35	0.888725	0.998338	0.072131	0.990885
36	0.883192	0.998892	0.074252	0.988281
37	0.882190	0.998559	0.073611	0.990451
38	0.880752	0.998449	0.072063	0.991319
39	0.878414	0.998781	0.072429	0.990017
40	0.877641	0.998892	0.075550	0.988715

[test_metric]
ACC_class_level	0.943262
P_macro_class_level	0.921986
R_macro_class_level	0.943262
F1_macro_class_level	0.929078
num_classes_in_val	282
target_success_ratio_threshold	0.900000
target_success_rate_class_level	0.943262
