epoch	train_loss	train_acc	val_loss	val_acc
1	28.051510	0.207779	1.489276	0.628038
2	14.344538	0.836436	0.237290	0.937934
3	6.655267	0.963542	0.117651	0.970052
4	3.269984	0.982713	0.072651	0.982205
5	2.304421	0.984929	0.116176	0.975694
6	1.677627	0.991800	0.053811	0.989583
7	1.387287	0.996121	0.044773	0.990451
8	1.253867	0.995567	0.041971	0.991319
9	1.225311	0.995567	0.047885	0.991319
10	1.137421	0.995457	0.044065	0.991319
11	1.064820	0.997562	0.043184	0.991319
12	1.038425	0.996676	0.041013	0.992188
13	1.016991	0.997451	0.040876	0.990885
14	0.996640	0.997673	0.038615	0.991753
15	0.984832	0.997340	0.047560	0.989583
16	0.961900	0.997784	0.041815	0.990451
17	0.949600	0.997340	0.039865	0.991319
18	0.940621	0.997895	0.040473	0.991753
19	0.934469	0.998338	0.052547	0.990451
20	0.931323	0.997451	0.039090	0.990451
21	0.918028	0.997451	0.039280	0.991319
22	0.912115	0.998005	0.038956	0.993056
23	0.907219	0.998338	0.038075	0.992622
24	0.905605	0.998116	0.040511	0.991319
25	0.904501	0.997895	0.040222	0.991319
26	0.894539	0.998227	0.038073	0.991319
27	0.890598	0.998227	0.041186	0.991319
28	0.889114	0.997895	0.037699	0.992622
29	0.887941	0.998781	0.037343	0.992622
30	0.884159	0.998338	0.037494	0.991753
31	0.878045	0.998892	0.039485	0.992188
32	0.876265	0.998670	0.039655	0.992622
33	0.875273	0.999003	0.037106	0.993056
34	0.875590	0.998559	0.038168	0.992622
35	0.871920	0.998892	0.039253	0.992622
36	0.870326	0.998892	0.052506	0.991319
37	0.867363	0.998449	0.043513	0.991753
38	0.865025	0.999113	0.037675	0.992188
39	0.863861	0.999335	0.036937	0.993490
40	0.863818	0.999003	0.041693	0.991319

[test_metric]
ACC_class_level	0.964539
P_macro_class_level	0.950355
R_macro_class_level	0.964539
F1_macro_class_level	0.955083
num_classes_in_val	282
target_success_ratio_threshold	0.900000
target_success_rate_class_level	0.964539
