epoch	train_loss	train_acc	val_loss	val_acc
1	40.983594	0.026263	3.564166	0.125434
2	26.505812	0.407469	1.000109	0.704861
3	14.724104	0.842199	0.242962	0.936198
4	7.435676	0.951795	0.143276	0.965278
5	4.122791	0.973737	0.181020	0.963976
6	2.616866	0.989140	0.077777	0.985677
7	1.950787	0.995346	0.071235	0.987847
8	1.651494	0.995789	0.075831	0.987847
9	1.452654	0.996565	0.064550	0.990017
10	1.314292	0.997673	0.080288	0.988281
11	1.226043	0.997451	0.063953	0.989149
12	1.173011	0.997340	0.085708	0.989583
13	1.131478	0.998227	0.061278	0.990451
14	1.099452	0.997673	0.066023	0.989583
15	1.069850	0.998227	0.058608	0.992188
16	1.042097	0.998338	0.060420	0.989583
17	1.022746	0.998338	0.058658	0.990451
18	1.010583	0.998227	0.058599	0.992188
19	0.999000	0.997784	0.058901	0.990885
20	0.988655	0.997673	0.060915	0.990017
21	0.971652	0.998449	0.059001	0.990017
22	0.962358	0.998781	0.060016	0.990451
23	0.960350	0.997895	0.058415	0.991319
24	0.951796	0.998781	0.060393	0.990017
25	0.946024	0.998449	0.054285	0.992622
26	0.934521	0.999224	0.056341	0.992188
27	0.931389	0.998670	0.055184	0.992188
28	0.925320	0.999335	0.053846	0.993056
29	0.922769	0.998892	0.054863	0.992622
30	0.919831	0.999224	0.065100	0.992188
31	0.912501	0.999446	0.053240	0.993490
32	0.907581	0.999778	0.053605	0.993490
33	0.905724	1.000000	0.054278	0.992622
34	0.907538	0.998559	0.055527	0.993056
35	0.901578	1.000000	0.054538	0.992622
36	0.896522	1.000000	0.053114	0.993924
37	0.894118	1.000000	0.054568	0.991753
38	0.892407	1.000000	0.052593	0.993490
39	0.891259	1.000000	0.051795	0.993490
40	0.890141	1.000000	0.051130	0.993924

[test_metric]
ACC_class_level	0.953901
P_macro_class_level	0.934397
R_macro_class_level	0.953901
F1_macro_class_level	0.940898
num_classes_in_val	282
target_success_ratio_threshold	0.900000
target_success_rate_class_level	0.953901
