epoch	train_loss	train_acc	val_loss	val_acc
1	35.091943	0.034242	3.391532	0.135417
2	24.185126	0.359818	1.270950	0.620660
3	14.605989	0.800532	0.365768	0.904514
4	7.579176	0.950244	0.147239	0.965278
5	4.422491	0.967088	0.215008	0.960503
6	2.649136	0.988918	0.145623	0.982205
7	1.960655	0.993684	0.105776	0.986979
8	1.645526	0.995346	0.098827	0.988715
9	1.472147	0.996343	0.094312	0.988281
10	1.368958	0.996232	0.093118	0.987413
11	1.275466	0.996011	0.101129	0.986545
12	1.214658	0.995900	0.097225	0.988281
13	1.146809	0.996676	0.115415	0.987413
14	1.108857	0.996565	0.099260	0.987847
15	1.080845	0.997008	0.096808	0.988715
16	1.049615	0.997562	0.097462	0.987847
17	1.032371	0.996676	0.095974	0.989583
18	1.017021	0.997673	0.097668	0.990017
19	1.005531	0.996565	0.098938	0.988281
20	0.995834	0.997784	0.097661	0.988281
21	0.978866	0.997562	0.097217	0.986545
22	0.970112	0.997784	0.096596	0.989583
23	0.963744	0.997340	0.096850	0.989149
24	0.956170	0.998005	0.095916	0.988281
25	0.951890	0.997673	0.097669	0.990885
26	0.941665	0.998005	0.095378	0.990451
27	0.935185	0.998338	0.096738	0.987413
28	0.932502	0.998005	0.096107	0.989583
29	0.929178	0.998116	0.095077	0.990451
30	0.925860	0.998449	0.097489	0.990451
31	0.918128	0.998781	0.094015	0.990451
32	0.915450	0.998559	0.094504	0.991753
33	0.912533	0.998892	0.095579	0.990017
34	0.910202	0.998892	0.096518	0.989149
35	0.907646	0.998670	0.101260	0.990451
36	0.902992	0.998892	0.095355	0.990451
37	0.901191	0.998338	0.095834	0.991319
38	0.898872	0.998892	0.105388	0.987413
39	0.898491	0.998449	0.095115	0.989149
40	0.896091	0.998670	0.094467	0.991319

[test_metric]
ACC_class_level	0.950355
P_macro_class_level	0.929078
R_macro_class_level	0.950355
F1_macro_class_level	0.936170
num_classes_in_val	282
target_success_ratio_threshold	0.900000
target_success_rate_class_level	0.950355
