epoch	train_loss	train_acc	val_loss	val_acc
1	4.169676	0.007560	4.138007	0.016927
2	4.076403	0.024194	3.954773	0.029948
3	3.465682	0.081653	2.965460	0.149089
4	2.734609	0.169859	2.546007	0.247396
5	2.250881	0.299395	2.020885	0.386068
6	1.705593	0.485383	1.710110	0.478516
7	1.366483	0.579637	1.397690	0.582682
8	1.054972	0.681452	0.966784	0.720703
9	0.660376	0.822581	0.787638	0.785156
10	0.465705	0.869456	0.817319	0.749349
11	0.306741	0.924899	0.644265	0.826172
12	0.172795	0.966734	0.583075	0.832031
13	0.127663	0.976815	0.576241	0.848958
14	0.094660	0.981855	0.539808	0.856771
15	0.069643	0.988911	0.558620	0.853516
16	0.059975	0.991431	0.525981	0.858073
17	0.027309	0.996976	0.508809	0.858724
18	0.018130	0.999496	0.484632	0.876302
19	0.013841	1.000000	0.485286	0.878906
20	0.011780	0.999496	0.481762	0.876953

[test_metric]
ACC_class_level	0.919355
P_macro_class_level	0.879032
R_macro_class_level	0.919355
F1_macro_class_level	0.892473
num_classes_in_val	62
target_success_ratio_threshold	0.700000
target_success_rate_class_level	0.919355
