epoch	train_loss	train_acc	val_loss	val_acc
1	4.163487	0.012097	4.029799	0.057292
2	3.438678	0.067540	2.879850	0.110677
3	2.886472	0.106351	2.763499	0.125651
4	2.538902	0.201613	2.265126	0.298828
5	2.040790	0.353327	1.719933	0.457682
6	1.456472	0.560484	1.406002	0.566406
7	1.054370	0.699093	0.985192	0.720703
8	0.689408	0.808468	0.895239	0.743490
9	0.550521	0.839214	0.797548	0.772786
10	0.403984	0.889113	0.669855	0.822917
11	0.242305	0.939012	0.629053	0.828776
12	0.154656	0.968750	0.639688	0.822917
13	0.125968	0.967742	0.577967	0.860026
14	0.151730	0.960685	0.652877	0.823568
15	0.100445	0.978831	0.560385	0.856771
16	0.041439	0.992944	0.508765	0.863932
17	0.024861	0.997984	0.545128	0.861979
18	0.017521	0.999496	0.535384	0.858724
19	0.013151	0.999496	0.528747	0.861979
20	0.011113	1.000000	0.514707	0.868490

[test_metric]
ACC_class_level	0.903226
P_macro_class_level	0.862903
R_macro_class_level	0.903226
F1_macro_class_level	0.876344
num_classes_in_val	62
target_success_ratio_threshold	0.700000
target_success_rate_class_level	0.903226
