epoch	train_loss	train_acc	val_loss	val_acc
1	4.187193	0.009073	4.138457	0.016276
2	4.145177	0.013609	4.080698	0.051432
3	3.389858	0.104839	2.798943	0.148438
4	2.471057	0.250000	2.040312	0.352214
5	1.753567	0.440524	1.423273	0.539714
6	1.140296	0.692036	1.112575	0.684896
7	0.771918	0.784778	0.767002	0.786458
8	0.485168	0.871976	0.566718	0.850911
9	0.317485	0.915827	0.534154	0.856771
10	0.198336	0.954133	0.522861	0.868490
11	0.137688	0.969758	0.527284	0.859375
12	0.065397	0.989415	0.491658	0.867839
13	0.035609	0.996472	0.487962	0.868490
14	0.022158	0.998992	0.423635	0.899089
15	0.014500	1.000000	0.427488	0.892578
16	0.011390	1.000000	0.409089	0.897135
17	0.010123	1.000000	0.420678	0.901042
18	0.009174	1.000000	0.412535	0.904297
19	0.008477	1.000000	0.416166	0.898438
20	0.007872	1.000000	0.417718	0.905599

[test_metric]
ACC_class_level	0.967742
P_macro_class_level	0.951613
R_macro_class_level	0.967742
F1_macro_class_level	0.956989
num_classes_in_val	62
target_success_ratio_threshold	0.700000
target_success_rate_class_level	0.967742
