epoch	train_loss	train_acc	val_loss	val_acc
1	3.741188	0.058468	3.069732	0.135417
2	2.837622	0.144153	2.721565	0.188802
3	2.410475	0.248488	2.099018	0.356771
4	1.803217	0.441028	1.553905	0.556641
5	1.331647	0.602319	1.204120	0.645833
6	0.847936	0.761593	0.808208	0.765625
7	0.543413	0.861391	0.803583	0.781250
8	0.438350	0.883569	0.591852	0.851562
9	0.281082	0.922883	0.531302	0.856120
10	0.192292	0.950101	0.508416	0.879557
11	0.094471	0.982863	0.438236	0.889974
12	0.048102	0.995968	0.435671	0.887370
13	0.042152	0.994960	0.451991	0.882812
14	0.036909	0.995968	0.475354	0.885417
15	0.057364	0.990423	0.431080	0.882812
16	0.025407	0.998488	0.392209	0.905599
17	0.012750	1.000000	0.361154	0.917969
18	0.009389	1.000000	0.354449	0.916016
19	0.008193	1.000000	0.353751	0.920573
20	0.007513	1.000000	0.360990	0.919271

[test_metric]
ACC_class_level	0.951613
P_macro_class_level	0.927419
R_macro_class_level	0.951613
F1_macro_class_level	0.935484
num_classes_in_val	62
target_success_ratio_threshold	0.700000
target_success_rate_class_level	0.951613
