epoch	train_loss	train_acc	val_loss	val_acc
1	4.117789	0.025202	3.799659	0.059896
2	3.173851	0.110887	2.774043	0.145833
3	2.463332	0.252520	2.218888	0.326823
4	1.829078	0.433972	1.674893	0.495443
5	1.422385	0.559476	1.385667	0.598307
6	0.985137	0.702621	0.969342	0.731771
7	0.689011	0.790827	0.856537	0.773438
8	0.496851	0.852319	0.725168	0.805339
9	0.416559	0.871976	0.749596	0.812500
10	0.291010	0.921371	0.680844	0.825521
11	0.195129	0.949597	0.511065	0.871094
12	0.118673	0.970766	0.626595	0.847005
13	0.102127	0.976815	0.572022	0.852865
14	0.061196	0.990423	0.560541	0.849609
15	0.041844	0.991935	0.544819	0.877604
16	0.025136	0.997480	0.529849	0.871094
17	0.016029	0.998992	0.514810	0.875000
18	0.011903	1.000000	0.508995	0.878906
19	0.010259	1.000000	0.515099	0.877604
20	0.009304	1.000000	0.513750	0.879557

[test_metric]
ACC_class_level	0.903226
P_macro_class_level	0.854839
R_macro_class_level	0.903226
F1_macro_class_level	0.870968
num_classes_in_val	62
target_success_ratio_threshold	0.700000
target_success_rate_class_level	0.903226
