epoch	train_loss	train_acc	val_loss	val_acc
1	1.372083	0.767398	0.195073	0.963542
2	0.113536	0.978169	0.694942	0.826823
3	0.108403	0.977061	0.552827	0.862413
4	0.061375	0.986480	0.175035	0.958767
5	0.072309	0.982824	0.141778	0.959201
6	0.026381	0.993019	0.028424	0.990885
7	0.007698	0.997230	0.027244	0.991753
8	0.005626	0.997230	0.022771	0.992188
9	0.004466	0.997673	0.023910	0.992622
10	0.003561	0.998670	0.024220	0.992622
11	0.003875	0.998338	0.021271	0.993924
12	0.004938	0.998338	0.021538	0.992622
13	0.004410	0.998449	0.023761	0.993056
14	0.003050	0.998781	0.031442	0.993056
15	0.003227	0.999113	0.027583	0.992622
16	0.003046	0.998781	0.019367	0.994358
17	0.001363	0.999557	0.022814	0.993490
18	0.009666	0.997784	0.029099	0.991753
19	0.029959	0.993573	0.085566	0.976997
20	0.032449	0.992686	0.056012	0.984809
21	0.007707	0.997895	0.025407	0.992622
22	0.004348	0.998449	0.022686	0.993490
23	0.004565	0.998338	0.020726	0.993924
24	0.002217	0.999335	0.022731	0.994358
25	0.001824	0.999446	0.021638	0.995226
26	0.001694	0.999668	0.024950	0.994358
27	0.000784	0.999889	0.018775	0.995660
28	0.001015	0.999668	0.018184	0.995660
29	0.000401	1.000000	0.017499	0.996094
30	0.000305	1.000000	0.017425	0.996094

[test_metric]
ACC_class_level	0.968085
P_macro_class_level	0.952128
R_macro_class_level	0.968085
F1_macro_class_level	0.957447
num_classes_in_val	282
target_success_ratio_threshold	0.900000
target_success_rate_class_level	0.968085
