epoch	train_loss	train_acc	val_loss	val_acc
1	1.344536	0.776152	0.206468	0.961372
2	0.128090	0.973626	0.233885	0.945747
3	0.088071	0.982159	0.169552	0.960503
4	0.065717	0.985705	0.164585	0.962240
5	0.074199	0.983710	0.628683	0.836806
6	0.037857	0.991246	0.051565	0.985677
7	0.008720	0.996565	0.030441	0.992188
8	0.009327	0.997119	0.038105	0.989583
9	0.006367	0.996786	0.030934	0.992622
10	0.004173	0.998559	0.029503	0.993490
11	0.002855	0.998892	0.030048	0.993490
12	0.003643	0.998781	0.030632	0.993056
13	0.004439	0.998559	0.032870	0.991753
14	0.003079	0.998892	0.029625	0.993056
15	0.002788	0.999113	0.031452	0.993490
16	0.004126	0.998338	0.027361	0.993924
17	0.002454	0.999113	0.027705	0.993924
18	0.001238	0.999889	0.039692	0.992188
19	0.002805	0.999224	0.025922	0.995660
20	0.000442	1.000000	0.031821	0.994358
21	0.000293	1.000000	0.025167	0.995660
22	0.000258	1.000000	0.025850	0.996094
23	0.000226	1.000000	0.031629	0.993924
24	0.000204	1.000000	0.025690	0.996094
25	0.000196	1.000000	0.026490	0.996094
26	0.000184	1.000000	0.026720	0.994792
27	0.000175	1.000000	0.025835	0.995660
28	0.000166	1.000000	0.026499	0.995660
29	0.000154	1.000000	0.025885	0.995660
30	0.000151	1.000000	0.025466	0.995660

[test_metric]
ACC_class_level	0.971631
P_macro_class_level	0.957447
R_macro_class_level	0.971631
F1_macro_class_level	0.962175
num_classes_in_val	282
target_success_ratio_threshold	0.900000
target_success_rate_class_level	0.971631
