epoch	train_loss	train_acc	val_loss	val_acc
1	1.315254	0.781028	0.366453	0.931858
2	0.111168	0.978613	0.218057	0.950955
3	0.106095	0.976507	0.176531	0.958333
4	0.103328	0.976950	0.121246	0.973524
5	0.054341	0.986813	0.096150	0.971788
6	0.013027	0.996232	0.025660	0.994358
7	0.008417	0.996121	0.023795	0.993490
8	0.006229	0.996786	0.020409	0.995226
9	0.005821	0.997895	0.020872	0.993924
10	0.005341	0.997451	0.021556	0.994358
11	0.003638	0.998670	0.024817	0.993924
12	0.004640	0.998227	0.020640	0.996094
13	0.004650	0.998338	0.022186	0.994358
14	0.004708	0.997451	0.023374	0.993924
15	0.003689	0.998559	0.022199	0.997396
16	0.003728	0.998559	0.020139	0.996962
17	0.002046	0.999335	0.028147	0.993490
18	0.003905	0.998781	0.021559	0.995226
19	0.002643	0.999113	0.022072	0.995226
20	0.003630	0.998781	0.021276	0.994792
21	0.001878	0.999778	0.019755	0.996528
22	0.003362	0.998670	0.019936	0.995660
23	0.001271	0.999778	0.020174	0.996094
24	0.000727	0.999889	0.019039	0.996962
25	0.004513	0.998892	0.018843	0.997396
26	0.000473	1.000000	0.017797	0.997396
27	0.000363	1.000000	0.017585	0.997396
28	0.000243	1.000000	0.017974	0.996962
29	0.000213	1.000000	0.017620	0.997396
30	0.000188	1.000000	0.018564	0.996962

[test_metric]
ACC_class_level	0.978723
P_macro_class_level	0.968085
R_macro_class_level	0.978723
F1_macro_class_level	0.971631
num_classes_in_val	282
target_success_ratio_threshold	0.900000
target_success_rate_class_level	0.978723
