epoch	train_loss	train_acc	val_loss	val_acc
1	1.375267	0.767730	0.191041	0.969184
2	0.121377	0.975621	0.300689	0.931858
3	0.103105	0.976507	0.308175	0.926649
4	0.076978	0.983710	0.124936	0.972222
5	0.040195	0.991135	0.283180	0.931858
6	0.013254	0.994902	0.038871	0.992188
7	0.007113	0.996565	0.035586	0.991319
8	0.005871	0.997119	0.036201	0.991319
9	0.004808	0.997340	0.052728	0.988281
10	0.030795	0.993019	0.081709	0.981337
11	0.035636	0.992797	0.056764	0.986545
12	0.012501	0.995124	0.043421	0.988281
13	0.028112	0.992243	0.243796	0.942708
14	0.032504	0.992021	0.056041	0.990017
15	0.015111	0.995900	0.045098	0.990885
16	0.004876	0.998670	0.042394	0.991319
17	0.003556	0.999335	0.033661	0.993490
18	0.003039	0.999335	0.034113	0.993056
19	0.003855	0.998670	0.048046	0.989583
20	0.002995	0.998892	0.034812	0.993490
21	0.004819	0.998338	0.033834	0.993924
22	0.001512	0.999778	0.032823	0.994358
23	0.002786	0.998670	0.033166	0.993924
24	0.002367	0.999446	0.033566	0.994358
25	0.000547	1.000000	0.033275	0.994792
26	0.000371	1.000000	0.032920	0.993490
27	0.000284	1.000000	0.032546	0.994358
28	0.000259	1.000000	0.031582	0.994358
29	0.000235	1.000000	0.031217	0.994358
30	0.000205	1.000000	0.031687	0.994792

[test_metric]
ACC_class_level	0.957447
P_macro_class_level	0.940307
R_macro_class_level	0.957447
F1_macro_class_level	0.945626
num_classes_in_val	282
target_success_ratio_threshold	0.900000
target_success_rate_class_level	0.957447
