epoch	train_loss	train_acc	val_loss	val_acc
1	1.344970	0.771055	0.591430	0.884983
2	0.132691	0.973737	0.531098	0.888455
3	0.082486	0.982380	0.085503	0.978299
4	0.043118	0.990137	0.526609	0.849392
5	0.100830	0.979056	0.611562	0.847222
6	0.035523	0.991024	0.028049	0.990451
7	0.007005	0.997673	0.021907	0.993056
8	0.006325	0.997340	0.035656	0.991319
9	0.005442	0.997230	0.025170	0.990885
10	0.004549	0.997784	0.022238	0.993490
11	0.004495	0.998670	0.024249	0.993490
12	0.003188	0.998670	0.019490	0.994792
13	0.003763	0.998449	0.019924	0.994358
14	0.004035	0.998670	0.019675	0.994792
15	0.001495	0.999668	0.030959	0.993056
16	0.003254	0.998892	0.019982	0.994358
17	0.003417	0.998892	0.019371	0.994358
18	0.001696	0.999446	0.020559	0.994358
19	0.001435	0.999668	0.021896	0.994358
20	0.000508	1.000000	0.044838	0.992188
21	0.010956	0.998227	0.028367	0.993490
22	0.007722	0.998338	0.068625	0.983073
23	0.016348	0.997230	0.024540	0.993056
24	0.003118	0.999224	0.019795	0.994358
25	0.001714	0.999557	0.015773	0.996528
26	0.000520	1.000000	0.015786	0.995660
27	0.000400	1.000000	0.016633	0.995660
28	0.000332	1.000000	0.016204	0.995660
29	0.000304	1.000000	0.016739	0.995660
30	0.000262	1.000000	0.016732	0.995660

[test_metric]
ACC_class_level	0.971631
P_macro_class_level	0.959220
R_macro_class_level	0.971631
F1_macro_class_level	0.963357
num_classes_in_val	282
target_success_ratio_threshold	0.900000
target_success_rate_class_level	0.971631
