epoch	train_loss	train_acc	val_loss	val_acc
1	5.514048	0.009198	5.112151	0.020399
2	4.942199	0.027926	4.493616	0.068142
3	4.411392	0.059619	3.936609	0.122396
4	3.884653	0.107934	3.336432	0.293837
5	3.408883	0.184730	2.811213	0.503472
6	2.973010	0.289672	2.477371	0.618056
7	2.680885	0.354277	2.181125	0.657552
8	2.376291	0.429078	1.979886	0.664062
9	2.085293	0.510971	1.563468	0.815972
10	1.821516	0.584441	1.360087	0.833767
11	1.590977	0.647163	1.137446	0.885417
12	1.416898	0.694592	1.043923	0.875868
13	1.272704	0.735262	0.830257	0.912760
14	1.129185	0.776707	0.743671	0.923611
15	1.016579	0.793551	0.652303	0.928385
16	0.902984	0.822695	0.574619	0.938368
17	0.826677	0.839650	0.492377	0.947483
18	0.756159	0.853613	0.476205	0.951823
19	0.697881	0.869238	0.392234	0.956597
20	0.641386	0.884198	0.370795	0.954861
21	0.592226	0.896055	0.350529	0.954427
22	0.560173	0.902039	0.317817	0.962674
23	0.532679	0.903147	0.297014	0.963542
24	0.502134	0.910683	0.275997	0.964844
25	0.471063	0.915004	0.268076	0.962674
26	0.446715	0.922983	0.242933	0.966580
27	0.423793	0.927194	0.239647	0.968316
28	0.411072	0.932957	0.233040	0.966146
29	0.402101	0.929078	0.215853	0.966580
30	0.385995	0.929854	0.215630	0.965278

[test_metric]
ACC_class_level	0.868794
P_macro_class_level	0.815012
R_macro_class_level	0.868794
F1_macro_class_level	0.832742
num_classes_in_val	282
target_success_ratio_threshold	0.900000
target_success_rate_class_level	0.868794
