epoch	train_loss	train_acc	val_loss	val_acc
1	5.022687	0.003551	4.600154	0.013765
2	4.606083	0.007812	4.507138	0.010417
3	4.562704	0.006392	4.495810	0.013765
4	4.544271	0.005919	4.492925	0.010417
5	4.545077	0.005682	4.483241	0.013765
6	4.523508	0.009233	4.482143	0.010417
7	4.515023	0.007812	4.480031	0.010417
8	4.512731	0.009943	4.477949	0.010417
9	4.503018	0.010417	4.479233	0.010417
10	4.510066	0.008523	4.479270	0.010417
11	4.501404	0.008523	4.476119	0.010417
12	4.496748	0.007102	4.471713	0.010417
13	4.497556	0.008523	4.475498	0.010417
14	4.499255	0.008759	4.474154	0.010417
15	4.497553	0.012784	4.473447	0.010417
16	4.493900	0.009233	4.470522	0.013765
17	4.485273	0.008523	4.471923	0.010417
18	4.491981	0.007812	4.469296	0.013765
19	4.490466	0.006629	4.471072	0.010417
20	4.488500	0.009233	4.470358	0.010417
21	4.486591	0.003551	4.469074	0.013765
22	4.485122	0.009233	4.468412	0.010417
23	4.484303	0.003551	4.469461	0.010417
24	4.479491	0.012074	4.468593	0.017113
25	4.485506	0.004261	4.468432	0.010417
26	4.481923	0.006392	4.469290	0.013021
27	4.478541	0.015625	4.466987	0.010417
28	4.480241	0.014441	4.469367	0.010417
29	4.480124	0.005682	4.469052	0.010417
30	4.482749	0.007813	4.468290	0.013765
31	4.474292	0.006392	4.468000	0.010417
32	4.474895	0.013021	4.467362	0.010417
33	4.474186	0.008759	4.467873	0.010417
34	4.473713	0.007812	4.467772	0.010417
35	4.475503	0.010890	4.467590	0.010417
36	4.473180	0.014915	4.468114	0.010417
37	4.473533	0.011364	4.467302	0.010417
38	4.475325	0.010180	4.468066	0.010417
39	4.475975	0.006392	4.466958	0.010417
40	4.472918	0.011600	4.467044	0.013765
41	4.473374	0.014205	4.467681	0.010417
42	4.473570	0.005208	4.467564	0.010417
43	4.471514	0.008759	4.467407	0.010417
44	4.478186	0.013494	4.467078	0.013765
45	4.475281	0.008759	4.467434	0.010417
46	4.470898	0.010653	4.467099	0.010417
47	4.470117	0.009943	4.466797	0.010417
48	4.468726	0.012784	4.467435	0.010417
49	4.474622	0.009943	4.467068	0.020833
50	4.471957	0.010653	4.467333	0.010417
51	4.470049	0.009943	4.466999	0.010417
52	4.469797	0.010180	4.466704	0.013765
53	4.470384	0.012311	4.466835	0.010417
54	4.471876	0.007102	4.466858	0.018229
55	4.472973	0.006629	4.467064	0.010417
56	4.470518	0.013494	4.467092	0.010417
57	4.473220	0.011600	4.466984	0.015625
58	4.470697	0.010653	4.466644	0.013765
59	4.471922	0.011600	4.466769	0.010417
60	4.469429	0.012311	4.466720	0.020833

[test_metric]
ACC_class_level	0.022989
P_macro_class_level	0.000605
R_macro_class_level	0.022989
F1_macro_class_level	0.001176
num_classes_in_val	87
target_success_ratio_threshold	0.900000
target_success_rate_class_level	0.022989
