epoch	train_loss	train_acc	val_loss	val_acc
1	5.060143	0.007102	4.614839	0.010417
2	4.599239	0.006392	4.514777	0.010417
3	4.552220	0.006392	4.497388	0.010417
4	4.545415	0.011364	4.486799	0.010417
5	4.536234	0.009943	4.480024	0.013765
6	4.515702	0.004498	4.482288	0.010417
7	4.515042	0.007812	4.476885	0.010417
8	4.516536	0.008523	4.478365	0.010417
9	4.513637	0.006629	4.480800	0.010417
10	4.513759	0.006392	4.473385	0.013765
11	4.496944	0.004261	4.476879	0.010417
12	4.503822	0.006155	4.471491	0.017113
13	4.495787	0.009233	4.472230	0.013765
14	4.502124	0.007102	4.472835	0.010417
15	4.498272	0.009943	4.471231	0.010417
16	4.491752	0.009233	4.471793	0.013765
17	4.486754	0.013494	4.470316	0.010417
18	4.489477	0.011364	4.470819	0.010417
19	4.489922	0.010653	4.471493	0.013765
20	4.489320	0.007812	4.472144	0.010417
21	4.480481	0.007102	4.469487	0.013765
22	4.484250	0.007102	4.469274	0.010417
23	4.485410	0.006392	4.468865	0.016369
24	4.483382	0.006392	4.469151	0.010417
25	4.480941	0.008523	4.468892	0.018229
26	4.478885	0.009943	4.468339	0.010417
27	4.476055	0.009470	4.468404	0.010417
28	4.479057	0.007812	4.468912	0.010417
29	4.476564	0.010653	4.469323	0.010417
30	4.477032	0.009233	4.467903	0.010417
31	4.473949	0.010890	4.468024	0.013765
32	4.475013	0.008523	4.467281	0.010417
33	4.481014	0.007813	4.467161	0.010417
34	4.479640	0.009233	4.466914	0.016369
35	4.476777	0.008523	4.466676	0.010417
36	4.474653	0.004972	4.466740	0.013765
37	4.474157	0.012074	4.466021	0.011161
38	4.475564	0.014205	4.466685	0.010417
39	4.469858	0.021307	4.466273	0.020833
40	4.472524	0.010653	4.465669	0.020833
41	4.471572	0.017519	4.465711	0.023438
42	4.472466	0.009233	4.465691	0.010417
43	4.473212	0.016572	4.465251	0.015625
44	4.472231	0.010653	4.464807	0.026786
45	4.471566	0.009233	4.464662	0.029390
46	4.471749	0.014205	4.464313	0.018229
47	4.469329	0.013021	4.463885	0.018229
48	4.467932	0.009233	4.463645	0.037946
49	4.466890	0.017045	4.463525	0.029390
50	4.470919	0.012784	4.463244	0.020833
51	4.468821	0.014205	4.462018	0.030134
52	4.465347	0.017519	4.462557	0.024182
53	4.465640	0.021544	4.462063	0.010417
54	4.465364	0.012784	4.460960	0.024182
55	4.465967	0.010653	4.461226	0.023438
56	4.464851	0.014205	4.460558	0.029390
57	4.464041	0.022964	4.460182	0.018229
58	4.464619	0.022491	4.459778	0.013021
59	4.464184	0.017282	4.459295	0.029390
60	4.459737	0.022727	4.458825	0.036458

[test_metric]
ACC_class_level	0.022989
P_macro_class_level	0.005882
R_macro_class_level	0.022989
F1_macro_class_level	0.007930
num_classes_in_val	87
target_success_ratio_threshold	0.900000
target_success_rate_class_level	0.022989
