epoch	train_loss	train_acc	val_loss	val_acc
1	4.644623	0.014617	4.238653	0.016276
2	4.237138	0.014113	4.174137	0.016927
3	4.207441	0.005544	4.163513	0.015625
4	4.192418	0.010585	4.166225	0.015625
5	4.193444	0.013609	4.161508	0.016927
6	4.184274	0.013609	4.141908	0.027995
7	4.174437	0.014617	4.140018	0.015625
8	4.173969	0.011089	4.136600	0.015625
9	4.171282	0.013609	4.139187	0.016276
10	4.170487	0.011089	4.141017	0.016276
11	4.161171	0.013609	4.133068	0.016276
12	4.157104	0.011593	4.133641	0.015625
13	4.158973	0.010585	4.134710	0.016276
14	4.155768	0.014113	4.133568	0.015625
15	4.158874	0.010081	4.131921	0.016276
16	4.151439	0.011089	4.131602	0.015625
17	4.147161	0.012097	4.131497	0.016276
18	4.145695	0.012601	4.130736	0.015625
19	4.148916	0.010081	4.129786	0.015625
20	4.149796	0.014113	4.130713	0.016927
21	4.138782	0.019153	4.130066	0.016276
22	4.139052	0.011089	4.129244	0.016276
23	4.144537	0.015121	4.129726	0.016276
24	4.140290	0.010585	4.129658	0.016927
25	4.145655	0.008065	4.129128	0.016276
26	4.139059	0.015121	4.129028	0.015625
27	4.138360	0.013609	4.128460	0.016276
28	4.138336	0.014617	4.128598	0.015625
29	4.136816	0.014617	4.129039	0.016927
30	4.137784	0.007560	4.128756	0.016276
31	4.138432	0.017641	4.128103	0.016276
32	4.136756	0.012601	4.128057	0.015625
33	4.138077	0.014617	4.127651	0.015625
34	4.136797	0.012097	4.127815	0.033203
35	4.136969	0.011089	4.127574	0.016276
36	4.132223	0.014617	4.126850	0.018229
37	4.134361	0.011089	4.126672	0.015625
38	4.134223	0.019153	4.126387	0.016276
39	4.132602	0.016129	4.125948	0.015625
40	4.134813	0.016129	4.125209	0.024740
41	4.129523	0.015625	4.124674	0.015625
42	4.131166	0.014113	4.123891	0.026042
43	4.127969	0.017137	4.123014	0.043620
44	4.126848	0.019153	4.121958	0.024089
45	4.125822	0.017641	4.120458	0.042969
46	4.125249	0.018145	4.119297	0.031250
47	4.125047	0.018649	4.117857	0.031250
48	4.122293	0.026714	4.116382	0.015625
49	4.120341	0.026210	4.113979	0.031250
50	4.119640	0.019657	4.111165	0.064453
51	4.117556	0.019657	4.108634	0.042969
52	4.110145	0.023185	4.105002	0.046224
53	4.108970	0.025706	4.100718	0.038411
54	4.102536	0.029234	4.093431	0.031250
55	4.091907	0.033770	4.081768	0.042969
56	4.082068	0.035282	4.070587	0.042969
57	4.068367	0.034778	4.053738	0.029948
58	4.048989	0.033770	4.029383	0.039714
59	4.020106	0.036794	3.989239	0.037760
60	3.967016	0.037802	3.918965	0.033203

[test_metric]
ACC_class_level	0.032258
P_macro_class_level	0.003700
R_macro_class_level	0.032258
F1_macro_class_level	0.006298
num_classes_in_val	62
target_success_ratio_threshold	0.900000
target_success_rate_class_level	0.032258
