epoch	train_loss	train_acc	val_loss	val_acc
1	5.099550	0.006392	4.629874	0.010417
2	4.622256	0.005682	4.523505	0.010417
3	4.557986	0.007102	4.494504	0.010417
4	4.540652	0.006629	4.495807	0.010417
5	4.539207	0.007102	4.486610	0.010417
6	4.514707	0.008523	4.479838	0.013765
7	4.513544	0.005682	4.478612	0.010417
8	4.516970	0.005682	4.478116	0.013765
9	4.504063	0.007102	4.476616	0.010417
10	4.512514	0.006392	4.477082	0.013765
11	4.496961	0.005682	4.473057	0.010417
12	4.503378	0.005682	4.472998	0.010417
13	4.499968	0.009233	4.473352	0.010417
14	4.505402	0.009233	4.474362	0.013765
15	4.496934	0.009943	4.472746	0.013765
16	4.487529	0.008523	4.470753	0.013765
17	4.490225	0.009233	4.472598	0.010417
18	4.489116	0.004972	4.471717	0.010417
19	4.493570	0.007102	4.469020	0.017113
20	4.486984	0.004261	4.470453	0.013765
21	4.481209	0.004261	4.468651	0.013765
22	4.486171	0.012074	4.469278	0.010417
23	4.484943	0.008523	4.469012	0.024182
24	4.483870	0.007102	4.468250	0.013765
25	4.483853	0.007102	4.468855	0.010417
26	4.480289	0.011364	4.468435	0.010417
27	4.479267	0.008523	4.468522	0.010417
28	4.480627	0.014915	4.467323	0.013765
29	4.483251	0.008523	4.468513	0.024182
30	4.476390	0.006392	4.467783	0.010417
31	4.475482	0.009470	4.468181	0.013765
32	4.477555	0.011600	4.468226	0.010417
33	4.476520	0.008523	4.468293	0.010417
34	4.478588	0.004972	4.466833	0.010417
35	4.474062	0.015388	4.468124	0.024182
36	4.473763	0.007813	4.467046	0.010417
37	4.476119	0.010180	4.467702	0.018229
38	4.477238	0.010890	4.467331	0.010417
39	4.475401	0.013494	4.467494	0.024182
40	4.471351	0.007102	4.467891	0.010417
41	4.474645	0.009943	4.467451	0.010417
42	4.474399	0.012784	4.467357	0.010417
43	4.472966	0.011364	4.467639	0.010417
44	4.473223	0.004972	4.467211	0.031250
45	4.473961	0.008759	4.467216	0.010417
46	4.473541	0.013021	4.467033	0.010417
47	4.472535	0.011600	4.466963	0.010417
48	4.473975	0.009943	4.467045	0.010417
49	4.472792	0.010653	4.467142	0.010417
50	4.472527	0.011600	4.466892	0.010417
51	4.473047	0.010653	4.467152	0.024182
52	4.473669	0.010180	4.466954	0.010417
53	4.472830	0.009470	4.466806	0.013765
54	4.470887	0.011600	4.466775	0.010417
55	4.468611	0.012074	4.466846	0.013765
56	4.469590	0.008523	4.466887	0.013765
57	4.470630	0.009470	4.467030	0.016369
58	4.471045	0.013968	4.466751	0.013765
59	4.472552	0.010653	4.466888	0.018229
60	4.470096	0.011364	4.466726	0.027530

[test_metric]
ACC_class_level	0.034483
P_macro_class_level	0.001916
R_macro_class_level	0.034483
F1_macro_class_level	0.003576
num_classes_in_val	87
target_success_ratio_threshold	0.900000
target_success_rate_class_level	0.034483
