epoch	train_loss	train_acc	val_loss	val_acc
1	5.023080	0.004261	4.621864	0.013765
2	4.613659	0.005919	4.512509	0.010417
3	4.562713	0.008049	4.497390	0.010417
4	4.549423	0.007102	4.498266	0.010417
5	4.543503	0.006392	4.486515	0.010417
6	4.519445	0.009943	4.481326	0.010417
7	4.515401	0.002841	4.477056	0.010417
8	4.514898	0.002841	4.479486	0.010417
9	4.518337	0.009943	4.476616	0.010417
10	4.507546	0.008523	4.473834	0.010417
11	4.497013	0.002841	4.474170	0.010417
12	4.501884	0.006392	4.475518	0.010417
13	4.498509	0.007102	4.473081	0.010417
14	4.502255	0.009943	4.472302	0.010417
15	4.499020	0.007812	4.471905	0.013765
16	4.489746	0.007102	4.468005	0.010417
17	4.489669	0.006392	4.471040	0.010417
18	4.491761	0.006629	4.470864	0.013765
19	4.488966	0.007813	4.469113	0.010417
20	4.486693	0.011364	4.470616	0.010417
21	4.482185	0.016572	4.470359	0.013765
22	4.485815	0.010653	4.468351	0.010417
23	4.482844	0.007812	4.469830	0.010417
24	4.478159	0.012784	4.469707	0.010417
25	4.485472	0.009233	4.468509	0.010417
26	4.478836	0.007339	4.468820	0.010417
27	4.477901	0.011600	4.468961	0.010417
28	4.479851	0.010890	4.468380	0.010417
29	4.478063	0.007812	4.467223	0.013765
30	4.478553	0.007102	4.467297	0.010417
31	4.475167	0.009706	4.467711	0.028274
32	4.477269	0.005682	4.467671	0.013765
33	4.478352	0.007813	4.467281	0.010417
34	4.479131	0.005682	4.467370	0.010417
35	4.477703	0.010653	4.467286	0.010417
36	4.475295	0.006392	4.467378	0.018229
37	4.480664	0.004972	4.467479	0.013021
38	4.472103	0.007102	4.466820	0.013765
39	4.477875	0.002841	4.467477	0.010417
40	4.475278	0.011364	4.467460	0.010417
41	4.469624	0.013731	4.467106	0.010417
42	4.472729	0.011837	4.466723	0.024182
43	4.475496	0.011364	4.467083	0.010417
44	4.475114	0.010653	4.466542	0.010417
45	4.475950	0.010890	4.467065	0.010417
46	4.470342	0.016335	4.466783	0.010417
47	4.472768	0.012074	4.466749	0.013765
48	4.471878	0.012784	4.466693	0.034598
49	4.470231	0.008523	4.466923	0.020833
50	4.470411	0.014205	4.466729	0.020833
51	4.471547	0.009470	4.466635	0.010417
52	4.470206	0.010180	4.466363	0.010417
53	4.467710	0.015152	4.466375	0.027530
54	4.471245	0.007813	4.466613	0.010417
55	4.468710	0.007812	4.466636	0.010417
56	4.472652	0.012784	4.466498	0.010417
57	4.466777	0.011364	4.466387	0.013765
58	4.473193	0.014915	4.466437	0.010417
59	4.470532	0.010653	4.466150	0.020833
60	4.464802	0.011600	4.466113	0.020833

[test_metric]
ACC_class_level	0.034483
P_macro_class_level	0.001251
R_macro_class_level	0.034483
F1_macro_class_level	0.002410
num_classes_in_val	87
target_success_ratio_threshold	0.900000
target_success_rate_class_level	0.034483
