epoch	train_loss	train_acc	val_loss	val_acc
1	5.034557	0.012311	4.612803	0.013765
2	4.601025	0.004972	4.509015	0.013765
3	4.553748	0.007812	4.495577	0.010417
4	4.538798	0.011364	4.487284	0.013765
5	4.536282	0.004498	4.482546	0.010417
6	4.514976	0.005682	4.480119	0.013765
7	4.519544	0.011364	4.478074	0.010417
8	4.513784	0.007102	4.476268	0.010417
9	4.517382	0.007812	4.477012	0.013765
10	4.511917	0.007812	4.474073	0.010417
11	4.501976	0.011364	4.472140	0.013765
12	4.497188	0.006392	4.472775	0.010417
13	4.500319	0.002841	4.475529	0.010417
14	4.499221	0.012074	4.473176	0.010417
15	4.501729	0.005682	4.472395	0.010417
16	4.490121	0.007813	4.471324	0.010417
17	4.490815	0.007339	4.470570	0.017113
18	4.486871	0.009943	4.472655	0.010417
19	4.491121	0.008759	4.469917	0.010417
20	4.490576	0.005682	4.470659	0.010417
21	4.481842	0.008759	4.468870	0.010417
22	4.483321	0.009233	4.468559	0.010417
23	4.481958	0.006392	4.467443	0.010417
24	4.486775	0.007813	4.469987	0.013765
25	4.483682	0.005919	4.469614	0.010417
26	4.480104	0.007339	4.468659	0.010417
27	4.477643	0.012074	4.467577	0.018973
28	4.483521	0.010653	4.466776	0.010417
29	4.480231	0.009943	4.467509	0.010417
30	4.476660	0.009233	4.467772	0.010417
31	4.478251	0.010653	4.467701	0.010417
32	4.476550	0.009943	4.467391	0.017113
33	4.476254	0.010653	4.468700	0.010417
34	4.480383	0.008759	4.467451	0.010417
35	4.475125	0.011127	4.466954	0.010417
36	4.477121	0.014915	4.466688	0.017113
37	4.471581	0.007812	4.467215	0.010417
38	4.471103	0.010653	4.467199	0.010417
39	4.476543	0.013494	4.467299	0.010417
40	4.477278	0.005682	4.467074	0.010417
41	4.472155	0.010890	4.467067	0.015625
42	4.475608	0.010653	4.466940	0.018973
43	4.473176	0.009470	4.466744	0.024182
44	4.473141	0.015625	4.466100	0.010417
45	4.475219	0.010890	4.466973	0.010417
46	4.476662	0.008523	4.466495	0.010417
47	4.471902	0.008759	4.466577	0.015625
48	4.472113	0.011600	4.466278	0.013765
49	4.474917	0.007339	4.466513	0.013021
50	4.471374	0.007813	4.466282	0.010417
51	4.470880	0.008523	4.466133	0.046503
52	4.471387	0.010653	4.465957	0.010417
53	4.469399	0.012074	4.465928	0.027530
54	4.470142	0.004261	4.465959	0.030878
55	4.467110	0.012784	4.466012	0.024926
56	4.470859	0.010180	4.466008	0.021577
57	4.472950	0.014915	4.465736	0.015625
58	4.471265	0.008049	4.465572	0.048363
59	4.472378	0.011364	4.465633	0.034598
60	4.470934	0.011364	4.465535	0.026042

[test_metric]
ACC_class_level	0.034483
P_macro_class_level	0.003210
R_macro_class_level	0.034483
F1_macro_class_level	0.005568
num_classes_in_val	87
target_success_ratio_threshold	0.900000
target_success_rate_class_level	0.034483
