epoch	train_loss	train_acc	val_loss	val_acc
1	5.750247	0.003103	5.680936	0.003472
2	5.708843	0.002549	5.673896	0.003472
3	5.698066	0.002881	5.664077	0.003472
4	5.695236	0.001995	5.660153	0.003472
5	5.686843	0.002327	5.661201	0.003472
6	5.677014	0.002660	5.650727	0.004774
7	5.570696	0.004543	5.120398	0.017361
8	4.410887	0.046210	3.630835	0.115885
9	3.106620	0.214096	2.544622	0.330295
10	2.273904	0.388630	1.811190	0.549045
11	1.656490	0.579344	1.344540	0.689236
12	1.269233	0.688941	1.048079	0.741753
13	1.003408	0.744902	0.834863	0.791233
14	0.806213	0.796543	0.699380	0.807726
15	0.691238	0.818152	0.572945	0.855035
16	0.530345	0.864805	0.456784	0.897135
17	0.458808	0.887079	0.446824	0.887587
18	0.401632	0.898493	0.448481	0.875868
19	0.357236	0.909020	0.343727	0.916667
20	0.331953	0.915337	0.331482	0.917101
21	0.252685	0.941933	0.281466	0.927517
22	0.225824	0.947363	0.274582	0.926649
23	0.204017	0.952349	0.267159	0.927517
24	0.194788	0.953901	0.263192	0.932292
25	0.175209	0.957779	0.209964	0.947917
26	0.149655	0.964096	0.209468	0.943142
27	0.134744	0.968750	0.203250	0.951389
28	0.131267	0.968085	0.205589	0.949653
29	0.126869	0.969858	0.209208	0.941840
30	0.119583	0.970412	0.239186	0.942708

[test_metric]
ACC_class_level	0.804965
P_macro_class_level	0.738771
R_macro_class_level	0.804965
F1_macro_class_level	0.760047
num_classes_in_val	282
target_success_ratio_threshold	0.900000
target_success_rate_class_level	0.804965
