epoch	train_loss	train_acc	val_loss	val_acc
1	4.653163	0.010585	4.221709	0.015625
2	4.231233	0.011089	4.174208	0.016276
3	4.199230	0.010081	4.165806	0.015625
4	4.196695	0.013609	4.161396	0.016927
5	4.194241	0.010585	4.161404	0.016276
6	4.179335	0.011593	4.142307	0.015625
7	4.169298	0.015121	4.142131	0.016276
8	4.170790	0.012601	4.140924	0.016276
9	4.170995	0.013105	4.139618	0.016276
10	4.168456	0.015625	4.138438	0.015625
11	4.159891	0.014113	4.133114	0.015625
12	4.158495	0.011593	4.133427	0.016276
13	4.156329	0.009577	4.131981	0.015625
14	4.156502	0.009577	4.132460	0.015625
15	4.158127	0.009577	4.133250	0.016276
16	4.152834	0.013609	4.130674	0.017578
17	4.149111	0.013609	4.130449	0.015625
18	4.148172	0.010081	4.130456	0.016276
19	4.146681	0.011593	4.130304	0.016276
20	4.148774	0.010585	4.128722	0.016927
21	4.138938	0.015121	4.126921	0.016276
22	4.140286	0.012097	4.123930	0.016276
23	4.137774	0.012601	4.116491	0.022135
24	4.117623	0.031250	4.063974	0.039714
25	3.871215	0.036290	3.602657	0.051432
26	3.529518	0.047883	3.387282	0.080729
27	3.378129	0.064012	3.235412	0.097005
28	3.249283	0.078125	3.146615	0.085286
29	3.145946	0.072077	3.055781	0.100911
30	3.058601	0.092238	2.949921	0.125000
31	2.990772	0.100302	2.891054	0.132161
32	2.918170	0.120464	2.863642	0.158854
33	2.878510	0.134577	2.797352	0.194010
34	2.825519	0.153226	2.729317	0.199219
35	2.779741	0.146169	2.685140	0.207031
36	2.715778	0.178931	2.684962	0.175130
37	2.677623	0.191028	2.628400	0.242188
38	2.653009	0.199597	2.629225	0.209635
39	2.625215	0.209173	2.570558	0.228516
40	2.578616	0.223286	2.490064	0.261068
41	2.527425	0.233367	2.461113	0.266927
42	2.479288	0.246976	2.423452	0.287109
43	2.464253	0.236895	2.412953	0.267578
44	2.430217	0.262097	2.373636	0.294271
45	2.382290	0.255544	2.314459	0.302083
46	2.354563	0.272681	2.287418	0.327474
47	2.324781	0.276714	2.275755	0.311849
48	2.309618	0.297883	2.249601	0.320964
49	2.270549	0.317036	2.226130	0.354818
50	2.261523	0.314012	2.221642	0.335286
51	2.232803	0.328125	2.177647	0.360026
52	2.217664	0.331653	2.166990	0.369792
53	2.210117	0.335181	2.161447	0.349609
54	2.184982	0.338710	2.146399	0.372396
55	2.183095	0.352823	2.136618	0.362630
56	2.159520	0.348790	2.116090	0.387370
57	2.148865	0.360383	2.105270	0.372396
58	2.131378	0.360887	2.089411	0.392578
59	2.139662	0.370968	2.087654	0.387370
60	2.107923	0.367944	2.077264	0.395182

[test_metric]
ACC_class_level	0.048387
P_macro_class_level	0.029570
R_macro_class_level	0.048387
F1_macro_class_level	0.034946
num_classes_in_val	62
target_success_ratio_threshold	0.900000
target_success_rate_class_level	0.048387
