epoch	train_loss	train_acc	val_loss	val_acc
1	5.749863	0.003214	5.685168	0.003472
2	5.707678	0.002438	5.673703	0.003472
3	5.698430	0.003214	5.663999	0.003472
4	5.688883	0.003324	5.659742	0.003472
5	5.687378	0.002438	5.661070	0.003472
6	5.675617	0.002549	5.648231	0.003472
7	5.669270	0.001773	5.645064	0.006076
8	5.462775	0.007314	4.741387	0.021267
9	4.045075	0.078236	3.313853	0.167101
10	2.824588	0.263852	2.187532	0.441840
11	1.991796	0.480718	1.601355	0.592882
12	1.491655	0.625997	1.181818	0.710069
13	1.124426	0.723958	0.829250	0.805556
14	0.864367	0.787677	0.641870	0.852865
15	0.677706	0.838763	0.701275	0.802517
16	0.505016	0.883865	0.393709	0.912326
17	0.408064	0.910461	0.356922	0.922743
18	0.341617	0.926529	0.295476	0.940538
19	0.326492	0.918107	0.310141	0.922743
20	0.259733	0.940714	0.253183	0.944010
21	0.208036	0.955120	0.222606	0.947049
22	0.183671	0.958887	0.232610	0.942708
23	0.178268	0.957336	0.202973	0.958767
24	0.161384	0.962988	0.195900	0.954427
25	0.131613	0.972296	0.209755	0.950955
26	0.118668	0.973293	0.181778	0.959201
27	0.109427	0.974845	0.183233	0.955295
28	0.102270	0.976840	0.180229	0.954861
29	0.095007	0.979942	0.171129	0.963108
30	0.086187	0.980275	0.160822	0.963108

[test_metric]
ACC_class_level	0.854610
P_macro_class_level	0.802305
R_macro_class_level	0.854610
F1_macro_class_level	0.819385
num_classes_in_val	282
target_success_ratio_threshold	0.900000
target_success_rate_class_level	0.854610
