epoch	train_loss	train_acc	val_loss	val_acc
1	4.616909	0.011089	4.229589	0.016276
2	4.228217	0.014617	4.174521	0.016276
3	4.204419	0.012097	4.175439	0.016276
4	4.193900	0.013105	4.155053	0.015625
5	4.184017	0.011593	4.154252	0.018880
6	4.171759	0.013609	4.141207	0.016927
7	4.177114	0.012601	4.145963	0.016276
8	4.178336	0.009577	4.140930	0.016276
9	4.173986	0.010585	4.142752	0.015625
10	4.168730	0.012097	4.140523	0.015625
11	4.158566	0.014617	4.133146	0.016276
12	4.159038	0.013609	4.133314	0.016276
13	4.156082	0.013105	4.133126	0.016927
14	4.159398	0.013105	4.131886	0.016927
15	4.153853	0.012097	4.132353	0.015625
16	4.148255	0.012097	4.130851	0.015625
17	4.145433	0.010081	4.129775	0.017578
18	4.150218	0.010081	4.130644	0.016276
19	4.153289	0.011593	4.129844	0.015625
20	4.150802	0.011089	4.130223	0.015625
21	4.145299	0.012097	4.129498	0.016927
22	4.144086	0.010585	4.129757	0.016927
23	4.145851	0.010585	4.128862	0.017578
24	4.142878	0.014617	4.128938	0.015625
25	4.144067	0.012097	4.129328	0.016276
26	4.137387	0.014617	4.128383	0.015625
27	4.136741	0.016129	4.127708	0.015625
28	4.138371	0.010585	4.127483	0.015625
29	4.139091	0.014617	4.126562	0.029948
30	4.136494	0.014617	4.125409	0.016927
31	4.133420	0.016633	4.124311	0.029948
32	4.131910	0.018145	4.122836	0.015625
33	4.128952	0.017137	4.120283	0.015625
34	4.127366	0.020161	4.116348	0.015625
35	4.121958	0.024194	4.107017	0.064453
36	4.108133	0.024698	4.091107	0.036458
37	4.080662	0.029234	4.018916	0.036458
38	3.868060	0.036290	3.677411	0.047526
39	3.627235	0.043347	3.519217	0.064453
40	3.464634	0.065524	3.367467	0.072266
41	3.347882	0.075101	3.276409	0.099609
42	3.266961	0.080141	3.205930	0.113932
43	3.194062	0.085181	3.124980	0.111979
44	3.134625	0.093246	3.067178	0.117188
45	3.064158	0.111391	3.025024	0.131510
46	3.014283	0.119456	2.976948	0.139323
47	2.974995	0.135081	2.965142	0.138672
48	2.932143	0.152218	2.919408	0.180339
49	2.906854	0.154234	2.904464	0.180339
50	2.884701	0.153226	2.892384	0.189453
51	2.847172	0.166835	2.870826	0.160807
52	2.833995	0.158266	2.857415	0.182292
53	2.811337	0.167339	2.810934	0.185547
54	2.787456	0.188508	2.799008	0.182943
55	2.768948	0.187500	2.800453	0.186198
56	2.761258	0.189012	2.761539	0.177734
57	2.742955	0.204637	2.782209	0.174479
58	2.722758	0.208669	2.766938	0.188151
59	2.707187	0.213710	2.794297	0.190104
60	2.699703	0.200605	2.755429	0.195312

[test_metric]
ACC_class_level	0.016129
P_macro_class_level	0.005376
R_macro_class_level	0.016129
F1_macro_class_level	0.008065
num_classes_in_val	62
target_success_ratio_threshold	0.900000
target_success_rate_class_level	0.016129
