epoch	train_loss	train_acc	val_loss	val_acc
1	4.675570	0.010585	4.241951	0.016276
2	4.239146	0.014113	4.180299	0.015625
3	4.199098	0.014113	4.162934	0.015625
4	4.200685	0.006552	4.154322	0.015625
5	4.188118	0.010081	4.152837	0.015625
6	4.179337	0.008065	4.141648	0.016276
7	4.171289	0.009073	4.142710	0.015625
8	4.170050	0.012601	4.139868	0.016927
9	4.169429	0.013609	4.138695	0.016927
10	4.173591	0.007560	4.138552	0.015625
11	4.163860	0.014617	4.134277	0.015625
12	4.155405	0.010585	4.132721	0.016276
13	4.157278	0.013105	4.133461	0.016276
14	4.155463	0.013105	4.130338	0.016276
15	4.153753	0.017137	4.129203	0.015625
16	4.141040	0.018145	4.124242	0.015625
17	4.137989	0.013609	4.112563	0.031901
18	4.103744	0.025706	3.975704	0.031250
19	3.731319	0.036290	3.526332	0.056641
20	3.430198	0.044355	3.270780	0.067057
21	3.248738	0.072581	3.127508	0.102214
22	3.108453	0.084173	3.030199	0.116536
23	2.994505	0.106351	2.948347	0.138021
24	2.920557	0.108367	2.884116	0.138672
25	2.812710	0.156250	2.717718	0.179036
26	2.701269	0.171371	2.651828	0.218750
27	2.624876	0.191532	2.580882	0.225260
28	2.563685	0.215222	2.503086	0.221354
29	2.462786	0.255544	2.458503	0.264974
30	2.387773	0.266129	2.372275	0.305990
31	2.302591	0.308468	2.270805	0.331380
32	2.271483	0.317540	2.231817	0.326172
33	2.195835	0.343750	2.206696	0.326172
34	2.159418	0.337702	2.175287	0.360677
35	2.112141	0.364415	2.101920	0.373698
36	2.045740	0.379032	2.068691	0.372396
37	2.008016	0.401714	2.024665	0.408203
38	1.999093	0.399194	1.996505	0.423828
39	1.910818	0.431452	2.024984	0.399740
40	1.897480	0.439516	1.906619	0.464844
41	1.854086	0.462702	1.902381	0.423828
42	1.810202	0.479839	1.894177	0.450521
43	1.795403	0.480343	1.829017	0.469401
44	1.750174	0.492944	1.815045	0.483073
45	1.715335	0.514113	1.806868	0.453125
46	1.693729	0.523690	1.752877	0.505208
47	1.671517	0.522177	1.701646	0.504557
48	1.655519	0.520665	1.694173	0.522786
49	1.630599	0.534778	1.676945	0.534505
50	1.623104	0.545363	1.667228	0.537760
51	1.596089	0.555444	1.646570	0.527344
52	1.572965	0.555948	1.641788	0.542969
53	1.556187	0.556956	1.633050	0.534505
54	1.552708	0.560988	1.635364	0.541667
55	1.543103	0.559980	1.618298	0.545573
56	1.515276	0.579637	1.616285	0.550130
57	1.504661	0.585685	1.594226	0.563802
58	1.523345	0.579133	1.587131	0.557943
59	1.483286	0.584677	1.591265	0.544922
60	1.477560	0.586190	1.581480	0.556641

[test_metric]
ACC_class_level	0.145161
P_macro_class_level	0.088710
R_macro_class_level	0.145161
F1_macro_class_level	0.104839
num_classes_in_val	62
target_success_ratio_threshold	0.900000
target_success_rate_class_level	0.145161
