epoch	train_loss	train_acc	val_loss	val_acc
1	4.671484	0.010585	4.236829	0.016276
2	4.227765	0.012601	4.178691	0.016927
3	4.201583	0.012097	4.170779	0.015625
4	4.197012	0.009073	4.167200	0.015625
5	4.196580	0.012601	4.150953	0.016927
6	4.173281	0.011593	4.143828	0.015625
7	4.167162	0.012601	4.140818	0.016276
8	4.176038	0.009073	4.138070	0.016276
9	4.167692	0.008569	4.137416	0.016276
10	4.170645	0.012097	4.138683	0.016276
11	4.158465	0.015121	4.133544	0.016276
12	4.158045	0.011089	4.133078	0.015625
13	4.158184	0.005040	4.133150	0.015625
14	4.157304	0.010585	4.132928	0.016276
15	4.152761	0.012097	4.132386	0.015625
16	4.151999	0.009577	4.130854	0.015625
17	4.151910	0.011593	4.131120	0.015625
18	4.149479	0.012601	4.130465	0.016927
19	4.148672	0.016633	4.130411	0.015625
20	4.146426	0.011089	4.129733	0.016927
21	4.145012	0.008569	4.129615	0.016927
22	4.143280	0.010585	4.129746	0.016927
23	4.144420	0.009073	4.129172	0.016276
24	4.141247	0.012097	4.128299	0.016276
25	4.143725	0.011593	4.128799	0.016276
26	4.137300	0.015121	4.126995	0.016927
27	4.138727	0.009577	4.126385	0.025391
28	4.142133	0.015121	4.124239	0.017578
29	4.132231	0.017641	4.120253	0.035156
30	4.123913	0.019153	4.109909	0.042318
31	4.109406	0.023690	4.088880	0.029948
32	4.072328	0.032258	4.010769	0.037109
33	3.875452	0.031250	3.680391	0.034505
34	3.652392	0.034274	3.548680	0.046875
35	3.512473	0.048387	3.390204	0.070312
36	3.381802	0.067036	3.307692	0.085938
37	3.292095	0.073589	3.235573	0.096354
38	3.225738	0.074597	3.222888	0.097656
39	3.148374	0.078125	3.115834	0.119792
40	3.085557	0.100302	3.109657	0.121094
41	3.029633	0.109879	3.117946	0.134766
42	2.991243	0.115423	3.118968	0.146484
43	2.955166	0.136089	3.026251	0.155599
44	2.918255	0.134577	3.159112	0.143229
45	2.880829	0.150202	2.984590	0.156901
46	2.839044	0.148185	3.132040	0.162109
47	2.817444	0.166331	2.955106	0.156250
48	2.792382	0.176411	2.927209	0.150391
49	2.766267	0.176411	2.919774	0.167318
50	2.730753	0.175403	2.947206	0.177083
51	2.711558	0.188004	2.880941	0.181641
52	2.692849	0.192540	2.917020	0.180339
53	2.671821	0.203629	2.906858	0.179688
54	2.667694	0.197581	2.867297	0.194010
55	2.657309	0.206149	2.941167	0.187500
56	2.625566	0.227319	2.912122	0.203125
57	2.614596	0.227319	2.981859	0.205729
58	2.606937	0.221774	2.878289	0.227214
59	2.579425	0.233871	3.051820	0.190104
60	2.564403	0.242944	2.906777	0.223958

[test_metric]
ACC_class_level	0.048387
P_macro_class_level	0.024731
R_macro_class_level	0.048387
F1_macro_class_level	0.029570
num_classes_in_val	62
target_success_ratio_threshold	0.900000
target_success_rate_class_level	0.048387
