epoch	train_loss	train_acc	val_loss	val_acc
1	24.531592	0.066131	3.043192	0.250608
2	15.857769	0.524868	1.021651	0.745573
3	9.992780	0.869608	0.287891	0.932899
4	6.092076	0.960827	0.146079	0.971094
5	3.691171	0.983385	0.092907	0.978038
6	2.419456	0.991307	0.070665	0.985156
7	1.908970	0.994168	0.085032	0.984028
8	1.629285	0.995379	0.059134	0.989149
9	1.451392	0.995048	0.083562	0.984115
10	1.318105	0.997139	0.063106	0.986285

[test_metric]
ACC_sample_level	0.988918
P_macro_sample_level	0.990418
R_macro_sample_level	0.988918
F1_macro_sample_level	0.988031
num_classes_in_val	282
num_samples_in_val	2256
