epoch	train_loss	train_acc	val_loss	val_acc
1	24.518403	0.033671	3.539917	0.114931
2	17.232115	0.377751	1.438303	0.626823
3	10.837636	0.852003	0.283155	0.943142
4	6.422786	0.974252	0.149876	0.965972
5	3.916551	0.985145	0.087338	0.981684
6	2.512843	0.994388	0.088374	0.979601
7	1.932153	0.995268	0.079288	0.982552
8	1.618343	0.995929	0.080632	0.982118
9	1.431823	0.996149	0.077663	0.984722
10	1.536287	0.992628	0.116814	0.973438

[test_metric]
ACC_sample_level	0.984929
P_macro_sample_level	0.986141
R_macro_sample_level	0.984929
F1_macro_sample_level	0.984473
num_classes_in_val	282
num_samples_in_val	2256
