epoch	train_loss	train_acc	val_loss	val_acc
1	25.132849	0.043684	3.245390	0.229861
2	16.087886	0.559529	0.864005	0.801042
3	9.674584	0.916043	0.222335	0.951389
4	5.687551	0.976783	0.095250	0.978212
5	3.507742	0.982394	0.095057	0.977170
6	2.301308	0.992848	0.068331	0.985156
7	1.857121	0.992848	0.074474	0.985417
8	1.585034	0.995599	0.073054	0.982986
9	1.426387	0.995158	0.062750	0.985417
10	1.311273	0.996259	0.060175	0.985851

[test_metric]
ACC_sample_level	0.985816
P_macro_sample_level	0.985205
R_macro_sample_level	0.985816
F1_macro_sample_level	0.984485
num_classes_in_val	282
num_samples_in_val	2256
