epoch	train_loss	train_acc	val_loss	val_acc
1	23.338114	0.120158	2.546020	0.369965
2	14.718324	0.649538	0.614270	0.869444
3	8.946996	0.928807	0.148061	0.972309
4	5.215691	0.978653	0.072935	0.984375
5	3.183152	0.985145	0.063074	0.985243
6	2.084845	0.995158	0.043073	0.991059
7	1.658638	0.996699	0.042645	0.992188
8	1.460247	0.996259	0.041027	0.991753
9	1.316123	0.996919	0.042621	0.990885
10	1.217795	0.998019	0.041760	0.992188

[test_metric]
ACC_sample_level	0.992021
P_macro_sample_level	0.993669
R_macro_sample_level	0.992021
F1_macro_sample_level	0.991523
num_classes_in_val	282
num_samples_in_val	2256
