epoch	train_loss	train_acc	val_loss	val_acc
1	25.389414	0.040493	3.304844	0.229948
2	16.371941	0.545995	0.912260	0.802083
3	9.878479	0.920995	0.180851	0.971007
4	5.752649	0.982064	0.125361	0.970226
5	3.455520	0.987896	0.101331	0.982118
6	2.303196	0.993068	0.057881	0.990625
7	1.922278	0.994058	0.053173	0.991753
8	1.598908	0.994938	0.050183	0.990885
9	1.412802	0.997359	0.046659	0.990451
10	1.286591	0.997139	0.047935	0.991059

[test_metric]
ACC_sample_level	0.991578
P_macro_sample_level	0.993123
R_macro_sample_level	0.991578
F1_macro_sample_level	0.991488
num_classes_in_val	282
num_samples_in_val	2256
