epoch	train_loss	train_acc	val_loss	val_acc
1	5.750624	0.003879	5.688518	0.003472
2	5.706981	0.003324	5.677361	0.003472
3	5.698663	0.003324	5.665206	0.003472
4	5.692828	0.002327	5.664241	0.003472
5	5.689187	0.003103	5.659978	0.003472
6	5.676160	0.002327	5.648496	0.003472
7	5.669185	0.001662	5.636636	0.003472
8	5.030963	0.017398	4.113530	0.070747
9	3.475672	0.158910	2.630462	0.365885
10	2.204960	0.447141	1.543281	0.644965
11	1.314587	0.716312	0.964592	0.798611
12	0.911511	0.801529	0.665225	0.857205
13	0.667484	0.852172	0.533192	0.888889
14	0.513795	0.882203	0.397022	0.922309
15	0.399027	0.911237	0.356281	0.922743
16	0.295813	0.932735	0.267921	0.949219
17	0.250415	0.941822	0.269748	0.942274
18	0.217984	0.951684	0.253498	0.943576
19	0.185959	0.956893	0.215031	0.955295
20	0.167944	0.958666	0.206390	0.956163
21	0.131953	0.971188	0.191133	0.961372
22	0.112823	0.974734	0.186127	0.959201
23	0.103436	0.977837	0.168100	0.969184
24	0.099579	0.977837	0.175725	0.963976
25	0.092130	0.979056	0.182792	0.963976
26	0.077292	0.983488	0.184050	0.960938
27	0.070755	0.986591	0.186466	0.964844
28	0.067173	0.984929	0.162705	0.968750
29	0.064450	0.986037	0.165761	0.967448
30	0.063936	0.985926	0.170566	0.967882

[test_metric]
ACC_class_level	0.861702
P_macro_class_level	0.809693
R_macro_class_level	0.861702
F1_macro_class_level	0.826832
num_classes_in_val	282
target_success_ratio_threshold	0.900000
target_success_rate_class_level	0.861702
