epoch	train_loss	train_acc	val_loss	val_acc
1	5.751659	0.002881	5.692895	0.004774
2	5.711677	0.003324	5.677428	0.003472
3	5.699426	0.002438	5.668848	0.003472
4	5.693496	0.002660	5.667575	0.003472
5	5.688183	0.002770	5.665171	0.003472
6	5.674677	0.003435	5.649588	0.003472
7	5.663160	0.002105	5.536337	0.006944
8	4.888068	0.017287	4.299779	0.049479
9	3.937241	0.056405	3.619677	0.085938
10	3.428418	0.110372	3.058346	0.191406
11	2.882675	0.220634	2.673934	0.253472
12	2.469249	0.317708	2.189712	0.404080
13	2.151028	0.400266	1.902160	0.482205
14	1.828198	0.504543	1.635416	0.570747
15	1.544942	0.584885	1.386545	0.631510
16	1.219310	0.697141	1.240813	0.682726
17	1.062950	0.738032	1.068465	0.732639
18	0.901520	0.780918	0.892188	0.776476
19	0.767361	0.816600	0.890272	0.766493
20	0.666043	0.839096	0.695660	0.829861
21	0.555581	0.873005	0.709801	0.819444
22	0.497209	0.888852	0.690778	0.822483
23	0.451114	0.896609	0.622962	0.847656
24	0.408068	0.908023	0.571225	0.859375
25	0.375188	0.913564	0.566933	0.856771
26	0.331315	0.924645	0.560515	0.852865
27	0.305258	0.931516	0.539084	0.861979
28	0.291786	0.931627	0.522405	0.861979
29	0.268294	0.938165	0.495804	0.874566
30	0.260357	0.942043	0.482307	0.874132

[test_metric]
ACC_class_level	0.606383
P_macro_class_level	0.514539
R_macro_class_level	0.606383
F1_macro_class_level	0.541070
num_classes_in_val	282
target_success_ratio_threshold	0.900000
target_success_rate_class_level	0.606383
