epoch	train_loss	train_acc	val_loss	val_acc
1	5.750866	0.001884	5.682282	0.003472
2	5.710982	0.002216	5.676486	0.003472
3	5.700095	0.001662	5.673453	0.003472
4	5.692141	0.002549	5.665489	0.003472
5	5.689787	0.002660	5.658263	0.004774
6	5.663216	0.003657	5.531421	0.009115
7	4.621372	0.043218	3.733645	0.114149
8	3.214385	0.192265	2.666604	0.304688
9	2.277208	0.391844	1.908772	0.491319
10	1.575412	0.588874	1.264894	0.680556
11	0.980400	0.767398	0.721676	0.845052
12	0.695913	0.844526	0.544544	0.883247
13	0.534496	0.877327	0.429049	0.910156
14	0.411802	0.907469	0.377960	0.909722
15	0.345711	0.921875	0.272306	0.937934
16	0.247907	0.942043	0.238069	0.952257
17	0.211183	0.949246	0.225199	0.957465
18	0.186862	0.957668	0.198228	0.962240
19	0.161501	0.962323	0.211325	0.949219
20	0.139638	0.969747	0.189549	0.959635
21	0.114424	0.973626	0.165609	0.970052
22	0.101305	0.977948	0.185654	0.965278
23	0.098564	0.976618	0.161361	0.967448
24	0.088670	0.979277	0.159774	0.972222
25	0.080736	0.980940	0.151111	0.970486
26	0.064734	0.986702	0.162944	0.967014
27	0.057308	0.987810	0.143149	0.968750
28	0.054301	0.988918	0.157685	0.967448
29	0.051179	0.989140	0.146125	0.973090
30	0.050528	0.987035	0.151228	0.967882

[test_metric]
ACC_class_level	0.872340
P_macro_class_level	0.829196
R_macro_class_level	0.872340
F1_macro_class_level	0.843381
num_classes_in_val	282
target_success_ratio_threshold	0.900000
target_success_rate_class_level	0.872340
