epoch	train_loss	train_acc	val_loss	val_acc
1	8.786741	0.009943	4.179425	0.029390
2	7.431234	0.069839	3.017630	0.188616
3	5.692192	0.249290	2.044409	0.437128
4	4.463555	0.476799	1.459719	0.583705
5	3.616964	0.650095	1.164203	0.666295
6	2.884008	0.793324	0.662472	0.863839
7	2.380382	0.890152	0.478846	0.899554
8	2.120462	0.932292	0.460936	0.895461
9	1.878491	0.957386	0.302761	0.920387
10	1.714957	0.967093	0.282484	0.926339
11	1.548624	0.985795	0.206195	0.948289
12	1.419219	0.993371	0.187780	0.954241
13	1.349532	0.998580	0.182319	0.946429
14	1.295183	0.999290	0.161086	0.968750
15	1.247702	1.000000	0.183517	0.959449
16	1.213675	1.000000	0.149741	0.966146
17	1.190375	1.000000	0.148493	0.971354
18	1.170501	1.000000	0.142305	0.971354
19	1.154175	1.000000	0.147119	0.965402
20	1.138072	1.000000	0.144095	0.971354
21	1.123442	1.000000	0.141824	0.968006
22	1.113714	1.000000	0.153171	0.969866
23	1.105079	1.000000	0.140474	0.973958
24	1.097129	1.000000	0.149927	0.969866
25	1.089596	1.000000	0.146894	0.967262
26	1.081951	1.000000	0.137765	0.971354
27	1.076639	1.000000	0.136643	0.970610
28	1.072276	1.000000	0.136007	0.973958
29	1.067617	1.000000	0.139023	0.971354
30	1.063487	1.000000	0.146749	0.970610

[test_metric]
ACC_class_level	1.000000
P_macro_class_level	1.000000
R_macro_class_level	1.000000
F1_macro_class_level	1.000000
num_classes_in_val	87
target_success_ratio_threshold	0.700000
target_success_rate_class_level	1.000000
