epoch	train_loss	train_acc	val_loss	val_acc
1	8.400428	0.027699	3.606032	0.103795
2	6.301603	0.224195	2.305375	0.390253
3	4.645670	0.524384	1.567034	0.626116
4	3.522191	0.706439	1.075873	0.723958
5	2.734220	0.841856	0.775962	0.789807
6	2.232923	0.908617	0.522384	0.877232
7	1.892358	0.960227	0.450463	0.873884
8	1.659472	0.985085	0.403229	0.920387
9	1.510105	0.990294	0.359104	0.912574
10	1.402484	0.997159	0.335253	0.932664
11	1.313726	1.000000	0.319498	0.941220
12	1.257481	1.000000	0.323669	0.928199
13	1.250540	0.994318	0.325234	0.930804
14	1.216760	0.995739	0.308992	0.936012
15	1.172456	1.000000	0.312771	0.935268
16	1.145553	1.000000	0.303023	0.952381
17	1.128443	1.000000	0.303464	0.944568
18	1.116085	1.000000	0.295855	0.952381
19	1.104477	1.000000	0.291515	0.943824
20	1.094155	1.000000	0.276529	0.950521
21	1.084975	1.000000	0.289635	0.944568
22	1.078665	1.000000	0.273960	0.950521
23	1.072632	1.000000	0.276186	0.950521
24	1.067000	1.000000	0.291058	0.946429
25	1.061735	1.000000	0.277823	0.947917
26	1.056929	1.000000	0.355522	0.934524
27	1.053192	1.000000	0.285424	0.944568
28	1.049977	1.000000	0.289939	0.949033
29	1.046764	1.000000	0.284015	0.941220
30	1.043645	1.000000	0.280029	0.953125

[test_metric]
ACC_class_level	0.977011
P_macro_class_level	0.965517
R_macro_class_level	0.977012
F1_macro_class_level	0.969349
num_classes_in_val	87
target_success_ratio_threshold	0.700000
target_success_rate_class_level	0.977011
