epoch	train_loss	train_acc	val_loss	val_acc
1	8.728568	0.008759	4.168404	0.041667
2	7.127796	0.093513	2.858748	0.194196
3	5.319899	0.321496	2.009925	0.443452
4	4.124151	0.535748	1.209635	0.688616
5	3.274545	0.717330	1.042368	0.731027
6	2.653427	0.831676	0.661207	0.839658
7	2.261466	0.892282	0.475099	0.901414
8	1.907829	0.943655	0.331671	0.933408
9	1.664230	0.976563	0.298826	0.924107
10	1.520683	0.983665	0.215959	0.952381
11	1.386619	0.993134	0.187256	0.960938
12	1.304261	0.998580	0.196662	0.956845
13	1.269897	0.995028	0.203493	0.962798
14	1.238365	0.994318	0.182606	0.958333
15	1.190675	1.000000	0.164551	0.966146
16	1.159745	1.000000	0.159743	0.971354
17	1.139902	1.000000	0.170084	0.959449
18	1.124433	1.000000	0.165914	0.968006
19	1.116871	0.998580	0.164328	0.966146
20	1.103001	0.999290	0.163621	0.960193
21	1.088647	1.000000	0.153188	0.971354
22	1.080027	1.000000	0.166459	0.973214
23	1.073012	1.000000	0.150324	0.968750
24	1.065690	1.000000	0.175341	0.964658
25	1.059834	1.000000	0.201642	0.963914
26	1.054028	1.000000	0.176930	0.970610
27	1.049604	1.000000	0.160364	0.965402
28	1.045824	1.000000	0.150788	0.973958
29	1.042303	1.000000	0.149355	0.968750
30	1.038662	1.000000	0.148822	0.973958

[test_metric]
ACC_class_level	0.977011
P_macro_class_level	0.965517
R_macro_class_level	0.977012
F1_macro_class_level	0.969349
num_classes_in_val	87
target_success_ratio_threshold	0.700000
target_success_rate_class_level	0.977011
