epoch	train_loss	train_acc	val_loss	val_acc
1	8.942626	0.010180	4.475420	0.010417
2	8.086945	0.047112	3.569905	0.057292
3	6.357166	0.144650	2.580735	0.278646
4	5.193411	0.307765	2.132965	0.363095
5	4.404532	0.447917	1.522000	0.541295
6	3.524091	0.669271	1.117922	0.716890
7	2.949965	0.781013	0.758314	0.783854
8	2.445605	0.866714	0.562263	0.857143
9	2.095756	0.926373	0.532280	0.846354
10	1.930071	0.930871	0.423452	0.881324
11	1.707187	0.964962	0.403921	0.892857
12	1.523043	0.988400	0.317551	0.931548
13	1.427474	0.992187	0.345074	0.921503
14	1.362871	0.994318	0.277679	0.942708
15	1.291345	0.997159	0.260270	0.942708
16	1.242667	0.999290	0.310259	0.924107
17	1.211177	1.000000	0.268828	0.934152
18	1.186986	1.000000	0.252064	0.940104
19	1.166916	1.000000	0.250830	0.936756
20	1.149305	1.000000	0.241197	0.940104
21	1.132864	1.000000	0.265561	0.938616
22	1.121633	1.000000	0.239120	0.940104
23	1.110813	1.000000	0.247444	0.936012
24	1.100621	1.000000	0.248703	0.939360
25	1.091774	1.000000	0.244510	0.939360
26	1.083440	1.000000	0.257189	0.938616
27	1.077555	1.000000	0.243582	0.939360
28	1.072276	1.000000	0.235476	0.939360
29	1.066837	1.000000	0.270023	0.935268
30	1.061723	1.000000	0.260434	0.937872

[test_metric]
ACC_class_level	0.931034
P_macro_class_level	0.902299
R_macro_class_level	0.931035
F1_macro_class_level	0.911877
num_classes_in_val	87
target_success_ratio_threshold	0.700000
target_success_rate_class_level	0.931034
