epoch	train_loss	train_acc	val_loss	val_acc
1	8.682237	0.016335	4.231759	0.020833
2	7.506631	0.047585	3.374370	0.089286
3	6.082949	0.180161	2.450679	0.396205
4	4.771168	0.434186	1.698562	0.548363
5	3.773258	0.604167	1.155476	0.700521
6	3.014271	0.779119	0.892533	0.762649
7	2.520873	0.859375	0.711945	0.795015
8	2.155550	0.907907	0.575340	0.848586
9	1.925957	0.945076	0.501155	0.890625
10	1.796962	0.953362	0.431684	0.908110
11	1.606235	0.978220	0.338664	0.921875
12	1.461972	0.990767	0.348919	0.911830
13	1.377686	0.997159	0.321804	0.923735
14	1.310971	0.998580	0.307655	0.931548
15	1.263641	0.999290	0.333311	0.928199
16	1.225119	1.000000	0.287918	0.941220
17	1.199996	1.000000	0.278060	0.939360
18	1.179984	1.000000	0.294011	0.936756
19	1.161922	1.000000	0.277211	0.939360
20	1.146800	1.000000	0.288762	0.941220
21	1.132120	1.000000	0.267153	0.945312
22	1.122201	1.000000	0.311095	0.941220
23	1.113472	1.000000	0.265170	0.947917
24	1.104853	1.000000	0.290280	0.936012
25	1.097396	1.000000	0.264456	0.944568
26	1.090046	1.000000	0.264945	0.941964
27	1.084648	1.000000	0.325793	0.934524
28	1.079642	1.000000	0.288246	0.943824
29	1.075172	1.000000	0.260674	0.950521
30	1.070936	1.000000	0.293622	0.931920

[test_metric]
ACC_class_level	0.988506
P_macro_class_level	0.982759
R_macro_class_level	0.988506
F1_macro_class_level	0.984674
num_classes_in_val	87
target_success_ratio_threshold	0.700000
target_success_rate_class_level	0.988506
