epoch	train_loss	train_acc	val_loss	val_acc
1	4.515886	0.004735	4.472077	0.010417
2	4.495987	0.011364	4.468208	0.010417
3	4.486108	0.007813	4.467535	0.010417
4	4.487628	0.009233	4.468717	0.024182
5	4.484314	0.008523	4.456622	0.015625
6	4.324940	0.017282	3.994666	0.029390
7	3.737622	0.062263	3.388300	0.084821
8	2.981848	0.165720	2.602909	0.275298
9	2.261392	0.327888	2.137378	0.392113
10	1.775357	0.465909	1.745425	0.466146
11	1.336844	0.615767	1.271352	0.667783
12	1.085827	0.700047	1.108478	0.689360
13	0.816886	0.767282	0.964539	0.752604
14	0.622053	0.820549	0.861792	0.752604
15	0.576340	0.825521	0.843485	0.745164
16	0.390558	0.893939	0.650911	0.815476
17	0.281479	0.922348	0.650161	0.821057
18	0.206285	0.961648	0.573566	0.865699
19	0.158696	0.971828	0.542913	0.877232
20	0.125970	0.978220	0.503199	0.882440
21	0.095684	0.981771	0.511928	0.873884
22	0.080817	0.986269	0.604396	0.856771
23	0.064561	0.989347	0.437825	0.902158
24	0.061745	0.990767	0.512579	0.875000
25	0.066517	0.986269	0.427486	0.892485
26	0.050345	0.991477	0.522036	0.873884
27	0.036051	0.997869	0.485461	0.870536
28	0.029451	0.998580	0.452582	0.893601
29	0.026697	0.998343	0.456341	0.877232
30	0.022405	0.999290	0.446506	0.896949

[test_metric]
ACC_sample_level	0.899425
P_macro_sample_level	0.909962
R_macro_sample_level	0.899425
F1_macro_sample_level	0.895494
num_classes_in_val	87
num_samples_in_val	348
