epoch	train_loss	train_acc	val_loss	val_acc
1	4.514886	0.005682	4.408235	0.045759
2	4.482493	0.011364	4.442694	0.019717
3	4.216570	0.033854	4.112493	0.036458
4	3.396710	0.137784	2.736853	0.293527
5	2.335603	0.364347	1.917838	0.478423
6	1.632718	0.536458	1.534312	0.571801
7	1.279109	0.633286	1.224925	0.658854
8	0.923904	0.743845	0.821928	0.776042
9	0.660006	0.807765	0.724746	0.798363
10	0.564556	0.840199	0.793767	0.763021
11	0.505258	0.840436	0.604831	0.817708
12	0.336952	0.915246	0.506665	0.841890
13	0.257727	0.932528	0.508004	0.859747
14	0.215126	0.945313	0.448643	0.854539
15	0.192796	0.946970	0.390144	0.880580
16	0.132760	0.970170	0.394273	0.894717
17	0.098140	0.982718	0.367385	0.873512
18	0.072895	0.986506	0.331186	0.908110
19	0.064787	0.989110	0.367962	0.904018
20	0.046182	0.992898	0.313486	0.915179
21	0.039179	0.994792	0.275445	0.917783
22	0.029856	0.999290	0.308991	0.907366
23	0.026888	0.997159	0.312434	0.914435
24	0.028880	0.996212	0.351820	0.905134
25	0.027033	0.996449	0.296874	0.915179
26	0.031416	0.996449	0.311058	0.898810
27	0.030775	0.994792	0.349645	0.910714
28	0.029623	0.995028	0.304061	0.917783
29	0.020471	0.999290	0.334245	0.915179
30	0.018015	0.998580	0.290901	0.922991

[test_metric]
ACC_sample_level	0.922414
P_macro_sample_level	0.931034
R_macro_sample_level	0.922414
F1_macro_sample_level	0.918865
num_classes_in_val	87
num_samples_in_val	348
