epoch	train_loss	train_acc	val_loss	val_acc
1	4.523014	0.007339	4.463656	0.010417
2	4.241359	0.031487	3.890301	0.064732
3	3.460616	0.080966	2.981788	0.167039
4	2.713804	0.212831	2.406753	0.313988
5	2.010398	0.412642	1.742823	0.498884
6	1.401129	0.592803	1.365102	0.650298
7	0.985553	0.724669	1.063093	0.727307
8	0.729898	0.788826	0.938216	0.758557
9	0.529482	0.862926	0.727342	0.806176
10	0.354476	0.910985	0.651987	0.857143
11	0.236680	0.946023	0.575851	0.838170
12	0.143124	0.970644	0.554395	0.872024
13	0.139593	0.973958	0.512099	0.865327
14	0.102104	0.981534	0.508016	0.886533
15	0.146348	0.965909	0.548065	0.876116
16	0.142745	0.965436	0.527237	0.868304
17	0.100404	0.977746	0.449559	0.905506
18	0.047732	0.993371	0.482964	0.885045
19	0.061304	0.986742	0.491286	0.885045
20	0.050796	0.992188	0.470916	0.904762
21	0.027331	0.997159	0.448072	0.906622
22	0.016790	1.000000	0.444815	0.909970
23	0.014361	1.000000	0.429505	0.917039
24	0.013068	1.000000	0.392063	0.923735
25	0.012042	1.000000	0.418256	0.917783
26	0.011471	1.000000	0.388908	0.927083
27	0.011048	1.000000	0.427112	0.920387
28	0.010677	1.000000	0.386140	0.927083
29	0.010318	1.000000	0.395533	0.923735
30	0.010010	1.000000	0.452227	0.917039

[test_metric]
ACC_sample_level	0.919540
P_macro_sample_level	0.932184
R_macro_sample_level	0.919540
F1_macro_sample_level	0.916931
num_classes_in_val	87
num_samples_in_val	348
