epoch	train_loss	train_acc	val_loss	val_acc
1	4.516117	0.009470	4.476736	0.010417
2	4.494797	0.003551	4.467053	0.024182
3	4.485707	0.011364	4.439965	0.050967
4	3.958570	0.074337	3.179372	0.151414
5	2.776745	0.218750	2.502947	0.267485
6	2.080645	0.399148	1.770190	0.528646
7	1.504549	0.568892	1.271783	0.670759
8	1.103257	0.681108	1.222489	0.615327
9	0.908353	0.727036	0.888793	0.776042
10	0.699278	0.794508	0.727001	0.815848
11	0.434551	0.883996	0.702544	0.809524
12	0.354908	0.894650	0.502262	0.857143
13	0.282718	0.924716	0.633247	0.809152
14	0.252424	0.942708	0.511203	0.873140
15	0.233877	0.939631	0.506388	0.864211
16	0.201966	0.950758	0.448916	0.863095
17	0.104569	0.981534	0.419236	0.892857
18	0.073500	0.990057	0.355521	0.895461
19	0.060408	0.990530	0.380304	0.890253
20	0.042012	0.996449	0.329443	0.919271
21	0.037318	0.997159	0.315126	0.915923
22	0.029794	0.998580	0.352270	0.913690
23	0.024886	0.999290	0.308304	0.917783
24	0.022488	1.000000	0.346787	0.910342
25	0.017643	1.000000	0.294988	0.926339
26	0.015759	1.000000	0.293047	0.922991
27	0.014947	1.000000	0.326559	0.916295
28	0.014193	1.000000	0.296013	0.922991
29	0.013572	1.000000	0.291498	0.925595
30	0.012974	1.000000	0.289584	0.928943

[test_metric]
ACC_sample_level	0.925287
P_macro_sample_level	0.929748
R_macro_sample_level	0.925287
F1_macro_sample_level	0.919534
num_classes_in_val	87
num_samples_in_val	348
