epoch	train_loss	train_acc	val_loss	val_acc
1	4.521242	0.007812	4.469841	0.020461
2	4.493017	0.006392	4.459009	0.018229
3	4.306819	0.033854	3.763433	0.058036
4	3.204161	0.184896	2.506639	0.345982
5	2.096192	0.433002	1.674745	0.555060
6	1.282827	0.648674	1.092477	0.720610
7	0.844638	0.768939	0.886712	0.769345
8	0.534043	0.864583	0.636336	0.818452
9	0.404176	0.906013	0.590279	0.853051
10	0.333168	0.908144	0.708771	0.820685
11	0.208820	0.950521	0.440485	0.889137
12	0.114973	0.978456	0.403219	0.908110
13	0.072172	0.990767	0.414429	0.921503
14	0.087153	0.980350	0.465697	0.892857
15	0.112224	0.971591	0.420061	0.894345
16	0.052779	0.992188	0.328335	0.920387
17	0.029983	0.998580	0.346704	0.921131
18	0.032521	0.997159	0.319981	0.918527
19	0.031883	0.992898	0.311051	0.934896
20	0.027778	0.995739	0.344201	0.920387
21	0.024212	0.995739	0.338539	0.928943
22	0.018592	0.997869	0.334549	0.921875
23	0.013927	0.999290	0.345304	0.936012
24	0.011438	1.000000	0.331733	0.931548
25	0.010355	1.000000	0.331975	0.918899
26	0.009819	1.000000	0.360767	0.924107
27	0.009471	1.000000	0.345875	0.927455
28	0.009179	1.000000	0.368417	0.927455
29	0.008888	1.000000	0.325948	0.930804
30	0.008611	1.000000	0.342434	0.930804

[test_metric]
ACC_sample_level	0.936782
P_macro_sample_level	0.948851
R_macro_sample_level	0.936782
F1_macro_sample_level	0.935295
num_classes_in_val	87
num_samples_in_val	348
