epoch	train_loss	train_acc	val_loss	val_acc
1	4.513364	0.005682	4.445530	0.023437
2	4.232956	0.038352	3.702083	0.127232
3	3.176566	0.196259	2.565696	0.319568
4	2.067003	0.443419	1.734861	0.527158
5	1.455610	0.580019	1.545424	0.578869
6	0.977351	0.729877	1.156778	0.660342
7	0.659392	0.817708	0.781246	0.801711
8	0.436754	0.883759	0.647289	0.844494
9	0.352805	0.906723	0.633933	0.827009
10	0.295256	0.916667	0.635645	0.829613
11	0.220118	0.949100	0.518799	0.855655
12	0.144314	0.966619	0.502263	0.879836
13	0.117738	0.975142	0.511006	0.875372
14	0.083604	0.984848	0.445075	0.884301
15	0.057046	0.990767	0.426802	0.904762
16	0.046174	0.993608	0.367557	0.919271
17	0.032052	0.997869	0.387737	0.906622
18	0.023396	0.999053	0.371226	0.913318
19	0.018575	0.999290	0.385321	0.910714
20	0.015903	0.999290	0.352991	0.913318
21	0.013489	1.000000	0.384230	0.899926
22	0.012371	1.000000	0.363823	0.906622
23	0.011690	1.000000	0.353992	0.918527
24	0.011040	1.000000	0.377174	0.908482
25	0.010490	1.000000	0.352473	0.915179
26	0.010074	1.000000	0.349425	0.915179
27	0.009759	1.000000	0.359934	0.918527
28	0.009459	1.000000	0.352077	0.915179
29	0.009196	1.000000	0.404602	0.905134
30	0.008939	1.000000	0.402931	0.908482

[test_metric]
ACC_class_level	0.954023
P_macro_class_level	0.931035
R_macro_class_level	0.954023
F1_macro_class_level	0.938697
num_classes_in_val	87
target_success_ratio_threshold	0.700000
target_success_rate_class_level	0.954023
