epoch	train_loss	train_acc	val_loss	val_acc
1	4.511373	0.002841	4.472351	0.010417
2	4.485886	0.010653	4.450839	0.027530
3	4.232004	0.027699	3.849350	0.045015
4	3.574126	0.057055	3.482388	0.091890
5	3.274397	0.080729	3.050096	0.144345
6	2.904209	0.131155	2.770106	0.174107
7	2.580749	0.205966	2.485747	0.242560
8	2.267531	0.306345	2.258981	0.338914
9	1.898448	0.423295	1.895169	0.473586
10	1.631406	0.505445	1.804936	0.482887
11	1.340834	0.600142	1.454108	0.570685
12	1.102061	0.683239	1.347896	0.617932
13	0.893371	0.760180	0.961242	0.754836
14	0.709138	0.810369	0.957985	0.740327
15	0.511991	0.869081	0.752398	0.790923
16	0.318597	0.935606	0.657226	0.841146
17	0.238023	0.949811	0.573982	0.845238
18	0.157941	0.976799	0.589951	0.854911
19	0.139770	0.974195	0.553099	0.854911
20	0.141126	0.970170	0.540120	0.864955
21	0.086891	0.987216	0.456927	0.893601
22	0.069560	0.991477	0.444285	0.894345
23	0.055357	0.995028	0.434984	0.894345
24	0.055211	0.992188	0.475502	0.896205
25	0.044888	0.995502	0.430292	0.902158
26	0.032316	1.000000	0.413214	0.897693
27	0.025836	0.999290	0.404152	0.900298
28	0.026442	0.999290	0.462724	0.883557
29	0.038421	0.994318	0.424868	0.895461
30	0.025172	0.998580	0.375633	0.914062

[test_metric]
ACC_class_level	0.908046
P_macro_class_level	0.867816
R_macro_class_level	0.908046
F1_macro_class_level	0.881226
num_classes_in_val	87
target_success_ratio_threshold	0.700000
target_success_rate_class_level	0.908046
