epoch	train_loss	train_acc	val_loss	val_acc
1	4.521527	0.009706	4.474133	0.013765
2	4.495358	0.007813	4.473263	0.010417
3	4.423007	0.016335	4.080010	0.067336
4	3.521649	0.095881	2.835962	0.232515
5	2.525284	0.287879	1.939955	0.466518
6	1.744214	0.508049	1.597806	0.577009
7	1.249803	0.661932	1.146869	0.705357
8	0.822462	0.780777	0.891475	0.781250
9	0.598973	0.852983	0.652837	0.831101
10	0.398072	0.899621	0.629604	0.853795
11	0.262093	0.938920	0.382194	0.892857
12	0.169131	0.957860	0.392759	0.865327
13	0.126615	0.973722	0.350820	0.913318
14	0.108588	0.979403	0.288731	0.924851
15	0.075248	0.984375	0.229234	0.945312
16	0.045698	0.993371	0.244272	0.932292
17	0.034027	0.995739	0.253400	0.943824
18	0.026384	0.997633	0.213621	0.937500
19	0.026141	0.995739	0.207182	0.947917
20	0.028225	0.995739	0.201356	0.941964
21	0.017677	1.000000	0.225288	0.934152
22	0.014855	1.000000	0.209099	0.941220
23	0.013207	1.000000	0.242202	0.934524
24	0.012200	1.000000	0.219200	0.936012
25	0.011529	1.000000	0.209520	0.938616
26	0.011012	1.000000	0.203282	0.945313
27	0.010623	1.000000	0.215817	0.935268
28	0.010283	1.000000	0.206664	0.941964
29	0.009957	1.000000	0.199707	0.945312
30	0.009654	1.000000	0.204086	0.941964

[test_metric]
ACC_class_level	0.954023
P_macro_class_level	0.931035
R_macro_class_level	0.954023
F1_macro_class_level	0.938697
num_classes_in_val	87
target_success_ratio_threshold	0.700000
target_success_rate_class_level	0.954023
