epoch	train_loss	train_acc	val_loss	val_acc
1	4.523232	0.004972	4.476961	0.013765
2	4.493327	0.010653	4.470992	0.010417
3	4.485421	0.007812	4.465939	0.010417
4	4.297159	0.022017	3.867123	0.067336
5	3.394624	0.107008	2.846460	0.216146
6	2.544192	0.263021	2.204355	0.365699
7	1.954540	0.433949	1.691299	0.523438
8	1.468487	0.579309	1.337627	0.622768
9	1.109226	0.678741	1.120986	0.678943
10	0.796202	0.767282	0.902362	0.730283
11	0.528225	0.853220	0.682390	0.827753
12	0.389736	0.895123	0.589931	0.868304
13	0.293838	0.919034	0.531558	0.846354
14	0.210547	0.957150	0.592998	0.853795
15	0.164611	0.963305	0.442347	0.890625
16	0.093170	0.982244	0.444132	0.890997
17	0.057544	0.995739	0.371238	0.912574
18	0.042896	0.997869	0.380134	0.914435
19	0.054340	0.990767	0.402711	0.901414
20	0.032739	0.997869	0.390801	0.911830
21	0.022728	1.000000	0.355413	0.921131
22	0.018541	1.000000	0.373031	0.913690
23	0.016442	1.000000	0.348194	0.917783
24	0.015144	1.000000	0.377426	0.911830
25	0.014210	1.000000	0.345700	0.921131
26	0.013422	1.000000	0.327288	0.921131
27	0.012900	1.000000	0.359924	0.922991
28	0.012437	1.000000	0.330216	0.926339
29	0.011974	1.000000	0.339668	0.922991
30	0.011579	1.000000	0.362982	0.919643

[test_metric]
ACC_class_level	0.919540
P_macro_class_level	0.886973
R_macro_class_level	0.919540
F1_macro_class_level	0.896552
num_classes_in_val	87
target_success_ratio_threshold	0.700000
target_success_rate_class_level	0.919540
