epoch	train_loss	train_acc	val_loss	val_acc
1	4.516708	0.008759	4.471944	0.013765
2	4.376183	0.022727	4.050639	0.039807
3	3.695525	0.066525	3.177504	0.163318
4	3.095281	0.142992	2.733806	0.204985
5	2.683777	0.205729	2.426596	0.284598
6	2.193027	0.349669	1.986748	0.450893
7	1.790802	0.474195	1.682522	0.523438
8	1.522271	0.533144	1.382497	0.630580
9	1.245428	0.614110	1.215333	0.673735
10	0.983036	0.722538	1.179751	0.667039
11	0.745516	0.792614	0.838719	0.802827
12	0.551634	0.841146	0.773820	0.803943
13	0.371063	0.907434	0.569300	0.869792
14	0.267083	0.941288	0.562172	0.855655
15	0.237615	0.944366	0.475464	0.882440
16	0.151855	0.970170	0.536499	0.866815
17	0.140818	0.965199	0.483747	0.888393
18	0.126655	0.973722	0.471815	0.870164
19	0.077260	0.986979	0.417977	0.898810
20	0.062756	0.989110	0.446114	0.896949
21	0.046741	0.994318	0.404198	0.911830
22	0.039628	0.995739	0.390952	0.898810
23	0.030904	0.998580	0.370794	0.917783
24	0.024802	1.000000	0.353316	0.921875
25	0.021299	1.000000	0.407770	0.913690
26	0.019627	1.000000	0.410786	0.906622
27	0.022987	0.998580	0.423299	0.908482
28	0.020322	0.999290	0.372139	0.914435
29	0.019198	0.999290	0.388022	0.917783
30	0.027847	0.997159	0.374452	0.899554

[test_metric]
ACC_class_level	0.931034
P_macro_class_level	0.896552
R_macro_class_level	0.931035
F1_macro_class_level	0.908046
num_classes_in_val	87
target_success_ratio_threshold	0.700000
target_success_rate_class_level	0.931034
