epoch	train_loss	train_acc	val_loss	val_acc
1	10.134777	0.055948	2.825965	0.160156
2	7.020129	0.297883	1.921798	0.388672
3	5.605587	0.473286	1.516353	0.531250
4	4.606162	0.632056	1.040067	0.695312
5	3.690727	0.761089	0.916149	0.724609
6	2.819686	0.880544	0.517098	0.863281
7	2.261982	0.930948	0.588747	0.837891
8	2.227088	0.927419	0.674765	0.828125
9	2.002047	0.953629	0.578812	0.853516
10	1.915344	0.956653	0.633407	0.841797
11	1.696649	0.981351	0.436706	0.906250
12	1.453851	0.997480	0.556164	0.876953
13	1.406198	0.993952	0.483062	0.900391
14	1.346266	0.998488	0.464425	0.898438
15	1.296484	0.998992	0.452554	0.904297
16	1.262111	0.998992	0.471466	0.902344
17	1.235729	0.999496	0.459052	0.906250
18	1.216330	0.999496	0.449731	0.910156
19	1.195663	0.998992	0.476612	0.906250
20	1.177273	1.000000	0.450104	0.912109

[test_metric]
ACC_sample_level	0.909274
P_macro_sample_level	0.919362
R_macro_sample_level	0.909274
F1_macro_sample_level	0.908366
num_classes_in_val	62
num_samples_in_val	496
