epoch	train_loss	train_acc	val_loss	val_acc
1	9.955027	0.065524	2.985215	0.103516
2	7.691644	0.165323	2.483802	0.255859
3	6.038261	0.420363	1.516236	0.517578
4	4.712820	0.623992	0.900127	0.736328
5	3.675502	0.782762	0.817676	0.720703
6	2.851443	0.870464	0.698318	0.792969
7	2.385876	0.921371	0.495755	0.855469
8	2.342679	0.913810	0.600594	0.832031
9	1.996593	0.955645	0.560395	0.847656
10	1.898475	0.951109	0.589989	0.847656
11	1.617220	0.983871	0.428418	0.878906
12	1.451363	0.995464	0.416140	0.892578
13	1.366045	0.996976	0.431900	0.892578
14	1.315394	0.998992	0.423982	0.900391
15	1.268953	0.999496	0.386339	0.910156
16	1.233855	0.999496	0.409030	0.910156
17	1.210294	1.000000	0.410475	0.902344
18	1.188449	1.000000	0.388192	0.908203
19	1.169934	1.000000	0.381658	0.910156
20	1.153176	0.999496	0.372294	0.917969

[test_metric]
ACC_sample_level	0.915323
P_macro_sample_level	0.923036
R_macro_sample_level	0.915323
F1_macro_sample_level	0.915676
num_classes_in_val	62
num_samples_in_val	496
