epoch	train_loss	train_acc	val_loss	val_acc
1	9.957054	0.060484	2.908483	0.128906
2	7.603386	0.200101	2.190962	0.314453
3	6.131205	0.413810	1.502082	0.550781
4	4.674761	0.655746	0.854539	0.763672
5	3.554681	0.795363	0.695025	0.814453
6	2.825686	0.884073	0.464955	0.875000
7	2.238793	0.932964	0.473995	0.880859
8	2.053603	0.950605	0.469430	0.871094
9	1.955639	0.948085	0.577358	0.861328
10	1.686376	0.975806	0.459205	0.880859
11	1.616927	0.976815	0.430967	0.882812
12	1.512911	0.984375	0.419903	0.894531
13	1.411146	0.989919	0.425627	0.902344
14	1.345101	0.995464	0.366914	0.919922
15	1.250596	0.997984	0.349502	0.914062
16	1.209856	1.000000	0.331205	0.919922
17	1.184546	0.999496	0.325366	0.917969
18	1.164511	1.000000	0.362666	0.923828
19	1.147911	1.000000	0.336565	0.916016
20	1.132711	0.999496	0.350211	0.912109

[test_metric]
ACC_sample_level	0.927419
P_macro_sample_level	0.936180
R_macro_sample_level	0.927419
F1_macro_sample_level	0.925912
num_classes_in_val	62
num_samples_in_val	496
