epoch	train_loss	train_acc	val_loss	val_acc
1	10.604533	0.051411	2.847986	0.208984
2	7.164131	0.320565	1.693341	0.478516
3	5.119426	0.604839	0.987400	0.710938
4	4.100686	0.732359	0.634785	0.820312
5	3.324170	0.828125	0.602498	0.814453
6	2.449259	0.927419	0.384090	0.894531
7	2.181001	0.944556	0.371058	0.890625
8	1.873932	0.968750	0.413645	0.896484
9	1.666250	0.984375	0.344200	0.923828
10	1.620537	0.980847	0.334035	0.917969
11	1.467699	0.991935	0.293457	0.927734
12	1.346822	0.999496	0.296005	0.937500
13	1.272105	0.999496	0.268677	0.941406
14	1.230313	1.000000	0.262767	0.943359
15	1.196869	1.000000	0.277594	0.943359
16	1.169422	1.000000	0.282191	0.939453
17	1.150662	1.000000	0.274284	0.943359
18	1.133816	1.000000	0.263471	0.945312
19	1.117580	1.000000	0.264509	0.943359
20	1.102573	1.000000	0.268407	0.941406

[test_metric]
ACC_sample_level	0.943548
P_macro_sample_level	0.948565
R_macro_sample_level	0.943548
F1_macro_sample_level	0.942209
num_classes_in_val	62
num_samples_in_val	496
