epoch	train_loss	train_acc	val_loss	val_acc
1	10.773267	0.023690	3.295641	0.070312
2	7.939190	0.161290	2.257235	0.312500
3	6.232762	0.379536	1.513384	0.533203
4	4.822011	0.613407	1.026063	0.710938
5	3.909130	0.740423	0.876170	0.744141
6	2.935402	0.867944	0.569544	0.826172
7	2.499739	0.903226	0.646712	0.824219
8	2.227544	0.927923	0.558979	0.851562
9	2.025353	0.948589	0.549546	0.859375
10	1.835507	0.962198	0.636361	0.855469
11	1.588580	0.984879	0.422982	0.892578
12	1.416111	0.996472	0.424657	0.896484
13	1.360553	0.994960	0.436399	0.894531
14	1.326968	0.996976	0.381478	0.910156
15	1.269433	0.997984	0.391716	0.900391
16	1.231659	0.998992	0.376733	0.912109
17	1.206012	1.000000	0.379062	0.906250
18	1.183154	0.999496	0.367051	0.910156
19	1.164452	1.000000	0.361944	0.914062
20	1.146659	1.000000	0.369447	0.910156

[test_metric]
ACC_sample_level	0.913306
P_macro_sample_level	0.920588
R_macro_sample_level	0.913306
F1_macro_sample_level	0.911955
num_classes_in_val	62
num_samples_in_val	496
