epoch	train_loss	train_acc	val_loss	val_acc
1	33.145181	0.052597	3.095625	0.219010
2	22.295433	0.497249	0.905151	0.775955
3	13.748788	0.886004	0.221363	0.948177
4	7.762901	0.966769	0.127050	0.971267
5	4.001324	0.984265	0.127624	0.973003
6	2.147355	0.992958	0.086649	0.984549
7	1.348444	0.995819	0.091454	0.985243
8	0.958659	0.995158	0.100242	0.983247
9	0.812424	0.995599	0.098817	0.983594
10	0.757620	0.992738	0.115006	0.983854
11	0.602189	0.995379	0.088565	0.987587
12	0.436264	0.996259	0.088518	0.987587
13	0.379857	0.996699	0.084569	0.986719
14	0.318237	0.996699	0.084494	0.988194
15	0.280135	0.997689	0.083960	0.989323
16	0.250583	0.998019	0.081345	0.989323
17	0.232059	0.997469	0.079057	0.989583
18	0.214921	0.998239	0.084588	0.986198
19	0.200656	0.998239	0.078868	0.990451
20	0.187579	0.998570	0.081174	0.988194

[test_metric]
ACC_class_level	0.943262
P_macro_class_level	0.921986
R_macro_class_level	0.943262
F1_macro_class_level	0.929078
num_classes_in_val	282
target_success_ratio_threshold	0.900000
target_success_rate_class_level	0.943262
