epoch	train_loss	train_acc	val_loss	val_acc
1	34.979043	0.178697	2.078928	0.484549
2	22.323769	0.771567	0.380447	0.929080
3	13.292396	0.963688	0.123881	0.973958
4	7.012843	0.982945	0.108199	0.974913
5	3.787480	0.984705	0.111671	0.978125
6	1.933738	0.993398	0.071122	0.989410
7	1.291155	0.995489	0.062862	0.988715
8	0.967282	0.996369	0.064244	0.990365
9	0.760241	0.995489	0.055602	0.991493
10	0.592883	0.997029	0.058278	0.991753
11	0.489238	0.997249	0.057982	0.991059
12	0.427836	0.997469	0.057781	0.991927
13	0.378096	0.997359	0.066711	0.990365
14	0.336817	0.997579	0.055359	0.993490
15	0.301065	0.997799	0.058576	0.991753
16	0.269768	0.998349	0.055439	0.993056
17	0.249963	0.998239	0.055317	0.993056
18	0.234388	0.998239	0.054959	0.991319
19	0.218132	0.997799	0.055848	0.992188
20	0.203833	0.998019	0.060980	0.992969

[test_metric]
ACC_class_level	0.960993
P_macro_class_level	0.945035
R_macro_class_level	0.960993
F1_macro_class_level	0.950355
num_classes_in_val	282
target_success_ratio_threshold	0.900000
target_success_rate_class_level	0.960993
