epoch	train_loss	train_acc	val_loss	val_acc
1	38.554769	0.015515	4.142887	0.047483
2	31.133886	0.124340	2.524763	0.301215
3	23.966884	0.429357	1.268887	0.632899
4	16.597184	0.799846	0.475241	0.883594
5	10.344336	0.936180	0.318066	0.930469
6	6.031005	0.977993	0.174771	0.973785
7	3.598885	0.989877	0.171991	0.975608
8	2.398390	0.992187	0.163007	0.979080
9	1.640409	0.993838	0.170786	0.979167
10	1.301801	0.994168	0.159001	0.981337
11	0.887490	0.996479	0.161985	0.981424
12	0.731999	0.996369	0.153200	0.983941
13	0.620869	0.996919	0.160730	0.982813
14	0.529172	0.997249	0.158953	0.982552
15	0.460709	0.996699	0.154668	0.985417
16	0.419249	0.996809	0.164119	0.984549
17	0.380889	0.997579	0.156516	0.983854
18	0.341730	0.997689	0.158712	0.986285
19	0.315127	0.997249	0.160001	0.985156
20	0.288833	0.998239	0.156685	0.985243

[test_metric]
ACC_class_level	0.921986
P_macro_class_level	0.894208
R_macro_class_level	0.921986
F1_macro_class_level	0.903073
num_classes_in_val	282
target_success_ratio_threshold	0.900000
target_success_rate_class_level	0.921986
