epoch	train_loss	train_acc	val_loss	val_acc
1	29.212827	0.104754	2.488757	0.430816
2	17.708513	0.740977	0.418733	0.924566
3	10.003465	0.961708	0.098473	0.977604
4	5.106573	0.984925	0.061611	0.982205
5	2.455652	0.991087	0.062702	0.984375
6	1.273961	0.994718	0.045889	0.989583
7	0.865014	0.996809	0.053136	0.989323
8	0.628792	0.996699	0.044852	0.990885
9	0.485645	0.997469	0.048013	0.989063
10	0.413669	0.996259	0.047015	0.989323
11	0.331671	0.996809	0.049910	0.991059
12	0.281723	0.998019	0.045921	0.989757
13	0.248851	0.997359	0.047087	0.990191
14	0.221763	0.998239	0.049469	0.989757
15	0.200394	0.997799	0.048659	0.991493
16	0.179798	0.997799	0.054187	0.989410
17	0.166624	0.998019	0.051216	0.991233
18	0.155107	0.998349	0.050699	0.991059
19	0.146967	0.998129	0.051250	0.990104
20	0.138164	0.997909	0.047979	0.991059

[test_metric]
ACC_class_level	0.964539
P_macro_class_level	0.948582
R_macro_class_level	0.964539
F1_macro_class_level	0.953901
num_classes_in_val	282
target_success_ratio_threshold	0.900000
target_success_rate_class_level	0.964539
