epoch	train_loss	train_acc	val_loss	val_acc
1	10.399060	0.008049	4.491105	0.010417
2	9.645437	0.026515	3.707998	0.040551
3	8.211870	0.047348	3.367217	0.073661
4	7.507518	0.099905	2.919569	0.137649
5	6.322084	0.236032	2.294739	0.310640
6	5.150340	0.432528	1.742837	0.498884
7	4.167952	0.562737	1.349866	0.631324
8	3.421928	0.685606	1.118819	0.647321
9	2.777679	0.775095	0.975504	0.721354
10	2.260109	0.837121	0.640000	0.831101
11	1.701955	0.902936	0.568504	0.846726
12	1.295136	0.950521	0.527255	0.875000
13	1.026737	0.961648	0.446449	0.904018
14	0.790892	0.978693	0.406010	0.906622
15	0.635427	0.987926	0.401815	0.906622
16	0.518344	0.988636	0.407525	0.903274
17	0.425557	0.993608	0.369046	0.932292
18	0.354280	0.998580	0.417947	0.917039
19	0.308938	0.999290	0.395646	0.919643
20	0.267753	1.000000	0.375726	0.924851
21	0.230910	1.000000	0.360028	0.933408
22	0.207983	1.000000	0.373948	0.928199
23	0.191139	1.000000	0.413079	0.912946
24	0.176385	1.000000	0.401150	0.901786
25	0.163576	1.000000	0.360125	0.922247
26	0.151758	1.000000	0.356951	0.930804
27	0.144034	1.000000	0.335534	0.929688
28	0.137045	1.000000	0.358127	0.922247
29	0.130505	1.000000	0.342115	0.928943
30	0.124322	1.000000	0.418282	0.922247

[test_metric]
ACC_sample_level	0.933908
P_macro_sample_level	0.940668
R_macro_sample_level	0.933908
F1_macro_sample_level	0.930527
num_classes_in_val	87
num_samples_in_val	348
