epoch	train_loss	train_acc	val_loss	val_acc
1	10.107685	0.021780	3.953926	0.050223
2	8.018446	0.121686	2.685147	0.229911
3	5.915273	0.348248	1.750034	0.507068
4	4.532549	0.537642	1.270920	0.640997
5	3.410629	0.674953	0.840017	0.773810
6	2.541009	0.809659	0.633554	0.810640
7	1.908518	0.887074	0.548435	0.838914
8	1.441206	0.926136	0.389792	0.883557
9	1.109420	0.954545	0.395047	0.887649
10	0.838025	0.963542	0.340817	0.904018
11	0.701654	0.974905	0.301570	0.923735
12	0.538938	0.985085	0.288951	0.937872
13	0.412344	0.994318	0.272671	0.941964
14	0.332998	0.995502	0.251570	0.945685
15	0.263862	0.998580	0.236286	0.949033
16	0.216744	1.000000	0.229491	0.946429
17	0.187827	1.000000	0.210026	0.946429
18	0.168370	1.000000	0.247424	0.943080
19	0.152018	1.000000	0.252286	0.936384
20	0.139015	1.000000	0.194976	0.954985
21	0.127225	1.000000	0.193511	0.955729
22	0.119900	1.000000	0.213801	0.954985
23	0.112811	1.000000	0.196738	0.954985
24	0.107064	1.000000	0.204081	0.952381
25	0.101446	1.000000	0.196639	0.954985
26	0.096295	1.000000	0.198967	0.957589
27	0.093036	1.000000	0.184842	0.958333
28	0.090021	1.000000	0.192296	0.954985
29	0.086823	1.000000	0.228363	0.948289
30	0.083914	1.000000	0.223858	0.948289

[test_metric]
ACC_sample_level	0.954023
P_macro_sample_level	0.965380
R_macro_sample_level	0.954023
F1_macro_sample_level	0.950131
num_classes_in_val	87
num_samples_in_val	348
