epoch	train_loss	train_acc	val_loss	val_acc
1	10.492996	0.012074	4.361131	0.010417
2	9.209823	0.038352	3.418614	0.085565
3	7.697530	0.111742	2.983375	0.182664
4	6.541081	0.227746	2.195532	0.321801
5	5.263436	0.406250	1.637094	0.549107
6	4.076631	0.590909	1.208441	0.629836
7	3.230197	0.731061	0.885682	0.756696
8	2.587371	0.807292	0.703921	0.780506
9	2.001088	0.889441	0.564214	0.837054
10	1.584646	0.907434	0.394056	0.886533
11	1.110779	0.965199	0.315987	0.927455
12	0.872209	0.973722	0.333562	0.917039
13	0.709200	0.979167	0.301066	0.922991
14	0.579559	0.985085	0.272977	0.924107
15	0.431233	0.994318	0.220857	0.955729
16	0.332423	0.996922	0.216844	0.954985
17	0.274888	0.998580	0.195561	0.954985
18	0.236505	0.999290	0.184109	0.958333
19	0.204273	1.000000	0.220814	0.951637
20	0.179097	1.000000	0.227355	0.954241
21	0.160747	1.000000	0.185381	0.958333
22	0.148383	1.000000	0.217815	0.954241
23	0.137013	1.000000	0.199747	0.952381
24	0.127256	1.000000	0.192956	0.952381
25	0.118352	1.000000	0.187296	0.954985
26	0.110894	1.000000	0.222235	0.949033
27	0.105872	1.000000	0.192592	0.954985
28	0.101004	1.000000	0.204383	0.949033
29	0.096718	1.000000	0.225995	0.951637
30	0.092595	1.000000	0.188260	0.955729

[test_metric]
ACC_sample_level	0.954023
P_macro_sample_level	0.951916
R_macro_sample_level	0.954023
F1_macro_sample_level	0.948632
num_classes_in_val	87
num_samples_in_val	348
