epoch	train_loss	train_acc	val_loss	val_acc
1	10.412551	0.012074	4.503239	0.010417
2	10.348569	0.010890	4.490745	0.010417
3	9.252823	0.058712	3.156943	0.175223
4	6.692705	0.209280	2.262702	0.383929
5	5.052347	0.442472	1.462777	0.578497
6	3.788249	0.639441	1.107368	0.696429
7	2.979034	0.752841	0.866572	0.732143
8	2.401370	0.806818	0.691859	0.783854
9	1.951935	0.855587	0.568464	0.836310
10	1.570462	0.899148	0.646605	0.803943
11	1.195503	0.940814	0.400250	0.886905
12	0.882235	0.971591	0.383998	0.896205
13	0.678550	0.982008	0.313602	0.909970
14	0.526720	0.993608	0.319813	0.911086
15	0.414444	0.997159	0.304637	0.926339
16	0.330390	0.998580	0.270612	0.923735
17	0.281358	0.999290	0.315956	0.918899
18	0.243795	1.000000	0.313839	0.918155
19	0.215788	1.000000	0.296594	0.921503
20	0.191999	1.000000	0.307780	0.927455
21	0.171518	1.000000	0.272170	0.928199
22	0.158240	1.000000	0.259600	0.936756
23	0.147627	1.000000	0.278251	0.927455
24	0.137370	1.000000	0.259868	0.928199
25	0.128393	1.000000	0.262155	0.924851
26	0.121324	1.000000	0.251685	0.931548
27	0.115517	1.000000	0.251962	0.928943
28	0.110622	1.000000	0.250970	0.931548
29	0.106383	1.000000	0.279870	0.927455
30	0.102555	1.000000	0.245106	0.934896

[test_metric]
ACC_sample_level	0.933908
P_macro_sample_level	0.942529
R_macro_sample_level	0.933908
F1_macro_sample_level	0.932567
num_classes_in_val	87
num_samples_in_val	348
