epoch	train_loss	train_acc	val_loss	val_acc
1	9.889074	0.034564	3.686482	0.071801
2	7.684434	0.139441	2.687853	0.257068
3	5.917952	0.329782	1.871458	0.472842
4	4.545401	0.527699	1.282550	0.591518
5	3.412412	0.676373	0.965947	0.731027
6	2.494580	0.811080	0.658952	0.819196
7	1.900984	0.901278	0.527132	0.856399
8	1.381566	0.948627	0.393631	0.905506
9	1.038225	0.972064	0.312350	0.921875
10	0.780407	0.983191	0.373834	0.887649
11	0.607915	0.984375	0.271558	0.936756
12	0.444106	0.995739	0.282650	0.933408
13	0.362284	0.998580	0.242864	0.938616
14	0.292604	0.999053	0.231494	0.945312
15	0.235311	1.000000	0.240954	0.947173
16	0.199726	1.000000	0.220260	0.949777
17	0.176821	1.000000	0.244077	0.943824
18	0.158135	1.000000	0.212268	0.950521
19	0.143614	1.000000	0.273828	0.939732
20	0.131598	1.000000	0.207706	0.950521
21	0.121331	1.000000	0.205044	0.953125
22	0.114162	1.000000	0.245161	0.937128
23	0.108017	1.000000	0.206441	0.947917
24	0.102498	1.000000	0.238853	0.940476
25	0.097638	1.000000	0.234068	0.934524
26	0.092796	1.000000	0.212325	0.947173
27	0.089593	1.000000	0.226462	0.943824
28	0.086365	1.000000	0.210201	0.941220
29	0.083666	1.000000	0.199997	0.950521
30	0.080995	1.000000	0.229923	0.941220

[test_metric]
ACC_sample_level	0.948276
P_macro_sample_level	0.958046
R_macro_sample_level	0.948276
F1_macro_sample_level	0.946552
num_classes_in_val	87
num_samples_in_val	348
