epoch	train_loss	train_acc	val_loss	val_acc
1	12.241532	0.062500	2.939424	0.176432
2	8.768899	0.278730	1.891321	0.423177
3	6.559555	0.526210	1.304527	0.640625
4	4.854487	0.730343	0.870221	0.772135
5	3.540576	0.844254	0.607733	0.830729
6	2.556095	0.938508	0.422944	0.888021
7	2.023791	0.969758	0.429842	0.893880
8	1.682718	0.989415	0.373084	0.912109
9	1.482899	0.992944	0.331615	0.917318
10	1.346406	0.995968	0.326122	0.917318
11	1.258005	0.997984	0.306123	0.924479
12	1.205454	0.999496	0.302067	0.925781
13	1.161640	0.999496	0.305347	0.927734
14	1.130047	1.000000	0.286221	0.934896
15	1.106511	1.000000	0.282889	0.936198
16	1.086357	0.998992	0.272782	0.932943
17	1.073974	1.000000	0.275917	0.933594
18	1.058456	1.000000	0.268902	0.940755
19	1.046099	1.000000	0.268075	0.936198
20	1.035672	1.000000	0.265819	0.938151
21	1.025512	1.000000	0.281190	0.934245
22	1.018102	1.000000	0.262289	0.937500
23	1.011671	1.000000	0.273370	0.932943
24	1.005711	1.000000	0.257992	0.932943
25	0.999910	1.000000	0.258926	0.938802
26	0.993728	1.000000	0.258788	0.933594
27	0.988842	1.000000	0.258363	0.938151
28	0.985569	1.000000	0.250654	0.936198
29	0.982287	1.000000	0.248893	0.936198
30	0.979010	1.000000	0.246628	0.936198

[test_metric]
ACC_sample_level	0.941532
P_macro_sample_level	0.945449
R_macro_sample_level	0.941532
F1_macro_sample_level	0.940776
num_classes_in_val	62
num_samples_in_val	496
