epoch	train_loss	train_acc	val_loss	val_acc
1	12.244484	0.059980	3.033090	0.119792
2	8.961207	0.220766	2.216757	0.289714
3	6.729479	0.470262	1.301247	0.604818
4	4.918372	0.717742	0.820021	0.758464
5	3.669949	0.833165	0.555997	0.832682
6	2.682398	0.918851	0.400889	0.873698
7	2.144668	0.958669	0.407632	0.886068
8	1.822594	0.973286	0.380876	0.904948
9	1.570401	0.985887	0.348725	0.918620
10	1.460113	0.986895	0.366493	0.895833
11	1.334106	0.991431	0.339734	0.914062
12	1.243972	0.997480	0.334702	0.900391
13	1.184724	0.998488	0.294731	0.916016
14	1.141012	0.999496	0.300525	0.912760
15	1.112568	1.000000	0.288225	0.919922
16	1.086544	1.000000	0.286613	0.919922
17	1.070470	1.000000	0.279746	0.916667
18	1.057693	1.000000	0.268779	0.927734
19	1.047384	1.000000	0.288300	0.923828
20	1.036882	1.000000	0.265884	0.921875
21	1.026684	1.000000	0.265758	0.927734
22	1.019064	1.000000	0.260835	0.927734
23	1.012199	1.000000	0.262594	0.925781
24	1.006478	1.000000	0.261611	0.923177
25	1.000816	1.000000	0.258548	0.927083
26	0.994899	1.000000	0.264669	0.926432
27	0.990943	1.000000	0.263261	0.926432
28	0.986817	1.000000	0.257573	0.929036
29	0.983449	1.000000	0.257562	0.925781
30	0.980194	1.000000	0.258141	0.923828

[test_metric]
ACC_sample_level	0.929435
P_macro_sample_level	0.936346
R_macro_sample_level	0.929435
F1_macro_sample_level	0.928850
num_classes_in_val	62
num_samples_in_val	496
