epoch	train_loss	train_acc	val_loss	val_acc
1	12.033157	0.086694	2.668806	0.223958
2	8.369245	0.341734	1.675054	0.524089
3	6.151348	0.601815	1.141718	0.666016
4	4.680940	0.738911	0.757387	0.782552
5	3.555509	0.824597	0.580332	0.824870
6	2.719924	0.909778	0.428138	0.869141
7	2.133233	0.957661	0.370005	0.887370
8	1.726526	0.980847	0.316968	0.899740
9	1.507604	0.990927	0.306946	0.915365
10	1.378507	0.994456	0.274603	0.925130
11	1.277268	0.996976	0.273207	0.919922
12	1.211519	0.999496	0.242764	0.920573
13	1.170966	1.000000	0.227601	0.923177
14	1.138862	0.999496	0.227641	0.929688
15	1.114688	0.998992	0.226940	0.933594
16	1.136551	0.996472	0.222373	0.921224
17	1.087386	0.999496	0.220662	0.928385
18	1.064023	1.000000	0.211997	0.929036
19	1.050336	1.000000	0.195466	0.942708
20	1.038417	1.000000	0.200267	0.940104
21	1.027880	1.000000	0.201927	0.934896
22	1.019601	1.000000	0.197689	0.932943
23	1.013462	1.000000	0.196509	0.939453
24	1.006482	1.000000	0.194331	0.942057
25	1.001140	1.000000	0.199048	0.938151
26	0.994716	1.000000	0.199299	0.937500
27	0.989987	1.000000	0.183725	0.938802
28	0.986217	1.000000	0.183939	0.939453
29	0.982300	1.000000	0.183741	0.940755
30	0.979449	0.999496	0.180617	0.938151

[test_metric]
ACC_sample_level	0.941532
P_macro_sample_level	0.947205
R_macro_sample_level	0.941532
F1_macro_sample_level	0.941570
num_classes_in_val	62
num_samples_in_val	496
