epoch	train_loss	train_acc	val_loss	val_acc
1	12.123527	0.096270	2.652839	0.254557
2	8.147341	0.411794	1.681517	0.500651
3	6.162640	0.607863	1.165123	0.666667
4	4.531243	0.766129	0.701414	0.791667
5	3.311951	0.884577	0.464685	0.885417
6	2.520328	0.924899	0.380393	0.897135
7	2.012369	0.965222	0.348030	0.910807
8	1.687091	0.983871	0.322097	0.913411
9	1.600278	0.980343	0.381117	0.902344
10	1.478933	0.983871	0.325066	0.909505
11	1.325435	0.994960	0.291891	0.931641
12	1.224634	0.998488	0.251301	0.937500
13	1.167534	0.999496	0.252368	0.940755
14	1.131166	0.999496	0.243585	0.940104
15	1.103961	1.000000	0.251380	0.944010
16	1.082397	1.000000	0.244511	0.940104
17	1.067854	1.000000	0.262076	0.938151
18	1.055361	1.000000	0.238117	0.942057
19	1.044705	1.000000	0.239770	0.936198
20	1.034691	1.000000	0.243514	0.943359
21	1.025364	1.000000	0.233126	0.938802
22	1.018307	1.000000	0.235228	0.940755
23	1.011542	1.000000	0.234963	0.940104
24	1.005673	1.000000	0.238400	0.936849
25	1.000678	1.000000	0.234922	0.937500
26	0.994939	1.000000	0.221825	0.941406
27	0.990860	1.000000	0.223813	0.938802
28	0.987274	1.000000	0.232974	0.937500
29	0.983768	1.000000	0.223131	0.936849
30	0.980602	1.000000	0.231688	0.933594

[test_metric]
ACC_sample_level	0.943548
P_macro_sample_level	0.948208
R_macro_sample_level	0.943548
F1_macro_sample_level	0.941501
num_classes_in_val	62
num_samples_in_val	496
