epoch	train_loss	train_acc	val_loss	val_acc
1	12.122297	0.067540	2.964353	0.182943
2	8.880366	0.216734	2.191087	0.322917
3	6.859810	0.451109	1.566057	0.496094
4	5.337653	0.650706	0.992056	0.744141
5	4.000328	0.796875	0.699628	0.792969
6	2.925495	0.902218	0.523517	0.860677
7	2.266148	0.946069	0.389361	0.895833
8	1.856610	0.972278	0.343711	0.910807
9	1.611949	0.980847	0.379850	0.889974
10	1.527286	0.981351	0.364936	0.906250
11	1.399076	0.990927	0.301878	0.914062
12	1.269144	0.996976	0.288812	0.925130
13	1.229901	0.995968	0.284954	0.915365
14	1.177549	0.998992	0.270791	0.925781
15	1.141824	0.998992	0.266255	0.929036
16	1.115066	0.999496	0.257327	0.929036
17	1.095472	1.000000	0.248435	0.932292
18	1.080262	1.000000	0.245839	0.930990
19	1.069374	1.000000	0.239032	0.925130
20	1.057970	1.000000	0.251489	0.923828
21	1.046887	1.000000	0.245951	0.929688
22	1.039348	1.000000	0.231912	0.928385
23	1.032524	1.000000	0.225832	0.929688
24	1.025860	1.000000	0.231262	0.932292
25	1.020358	1.000000	0.235098	0.932943
26	1.014028	1.000000	0.223215	0.929688
27	1.009540	1.000000	0.232030	0.933594
28	1.005698	1.000000	0.220835	0.936849
29	1.001765	1.000000	0.223310	0.932943
30	0.998399	1.000000	0.219315	0.932943

[test_metric]
ACC_sample_level	0.935484
P_macro_sample_level	0.943587
R_macro_sample_level	0.935484
F1_macro_sample_level	0.935189
num_classes_in_val	62
num_samples_in_val	496
