epoch	train_loss	train_acc	val_loss	val_acc
1	23.322096	0.023548	3.669071	0.107986
2	15.886287	0.346501	1.400835	0.662587
3	9.669853	0.823834	0.384870	0.916927
4	5.469162	0.954335	0.174745	0.964323
5	2.949761	0.975352	0.192912	0.953125
6	1.658117	0.988116	0.104006	0.979340
7	0.933796	0.994608	0.095649	0.981944
8	0.642078	0.996149	0.088705	0.984115
9	0.485253	0.996259	0.091816	0.981944
10	0.382530	0.996039	0.089986	0.982813

[test_metric]
ACC_sample_level	0.984043
P_macro_sample_level	0.985486
R_macro_sample_level	0.984043
F1_macro_sample_level	0.983387
num_classes_in_val	282
num_samples_in_val	2256
