epoch	train_loss	train_acc	val_loss	val_acc
1	21.719250	0.090559	2.781426	0.296181
2	13.520132	0.609485	0.705515	0.868316
3	7.723457	0.934529	0.218074	0.949132
4	4.283806	0.969630	0.135918	0.963542
5	2.258132	0.982284	0.081500	0.981076
6	1.123367	0.993618	0.061749	0.988281
7	0.732182	0.996589	0.071227	0.985417
8	0.552025	0.995268	0.074944	0.985243
9	0.422209	0.995709	0.061611	0.988021
10	0.328395	0.996589	0.056695	0.987847

[test_metric]
ACC_sample_level	0.988032
P_macro_sample_level	0.990155
R_macro_sample_level	0.988032
F1_macro_sample_level	0.987459
num_classes_in_val	282
num_samples_in_val	2256
