epoch	train_loss	train_acc	val_loss	val_acc
1	22.794189	0.027949	3.604719	0.137413
2	15.904046	0.366857	1.504954	0.625000
3	10.094749	0.787522	0.400435	0.919531
4	5.869863	0.951144	0.169016	0.959983
5	3.254657	0.973592	0.094512	0.976649
6	1.755483	0.987676	0.077215	0.982813
7	1.101030	0.993398	0.068736	0.982378
8	0.754799	0.994608	0.076715	0.984896
9	0.550688	0.995268	0.073327	0.986372
10	0.512132	0.993728	0.078273	0.984462

[test_metric]
ACC_sample_level	0.987145
P_macro_sample_level	0.988772
R_macro_sample_level	0.987145
F1_macro_sample_level	0.986812
num_classes_in_val	282
num_samples_in_val	2256
