epoch	train_loss	train_acc	val_loss	val_acc
1	21.017882	0.145797	2.261351	0.483333
2	12.295517	0.759133	0.451245	0.905990
3	6.833271	0.961928	0.121956	0.973785
4	3.564488	0.985915	0.078280	0.983420
5	1.764504	0.992187	0.096897	0.982639
6	0.979431	0.994168	0.054003	0.990625
7	0.660788	0.995709	0.053816	0.990191
8	0.697660	0.992518	0.075287	0.984115
9	0.442043	0.996369	0.060258	0.987500
10	0.319545	0.997469	0.055206	0.989063

[test_metric]
ACC_sample_level	0.990691
P_macro_sample_level	0.992730
R_macro_sample_level	0.990691
F1_macro_sample_level	0.989930
num_classes_in_val	282
num_samples_in_val	2256
