epoch	train_loss	train_acc	val_loss	val_acc
1	21.646252	0.072183	2.945285	0.271267
2	14.163042	0.533671	0.874249	0.816927
3	8.258183	0.913842	0.223631	0.966753
4	4.464733	0.976012	0.100836	0.978472
5	2.268964	0.985805	0.121487	0.971007
6	1.243900	0.992628	0.082521	0.980208
7	0.772343	0.994938	0.077098	0.984375
8	0.563713	0.994828	0.071936	0.984288
9	0.423004	0.996479	0.070820	0.986719
10	0.343727	0.996809	0.070566	0.985417

[test_metric]
ACC_sample_level	0.986702
P_macro_sample_level	0.988455
R_macro_sample_level	0.986702
F1_macro_sample_level	0.986116
num_classes_in_val	282
num_samples_in_val	2256
