epoch	train_loss	train_acc	val_loss	val_acc
1	2.678122	0.456439	1.905740	0.461682
2	0.525507	0.889915	0.741406	0.793899
3	0.231717	0.947206	0.702443	0.802083
4	0.173586	0.958807	0.463029	0.874628
5	0.116408	0.975379	0.502849	0.851935
6	0.072726	0.987216	0.289217	0.915179
7	0.024608	0.995739	0.224304	0.938616
8	0.019268	0.996449	0.218186	0.949777
9	0.011710	0.998343	0.268101	0.943824
10	0.023825	0.997159	0.191814	0.963542
11	0.008957	0.999290	0.190284	0.965402
12	0.004479	1.000000	0.163285	0.968750
13	0.003254	1.000000	0.171117	0.965402
14	0.002472	1.000000	0.206463	0.964658
15	0.002311	1.000000	0.186122	0.953497
16	0.002285	1.000000	0.175756	0.962798
17	0.002006	1.000000	0.160879	0.968750
18	0.001846	1.000000	0.178930	0.960193
19	0.001989	1.000000	0.161474	0.966146
20	0.001637	1.000000	0.173799	0.965402
21	0.001555	1.000000	0.167361	0.970610
22	0.001541	1.000000	0.181162	0.970610
23	0.001372	1.000000	0.184802	0.962054
24	0.001362	1.000000	0.162616	0.976562
25	0.001355	1.000000	0.156880	0.973958
26	0.001247	1.000000	0.164495	0.970610
27	0.001370	1.000000	0.154880	0.971354
28	0.001282	1.000000	0.157261	0.973958
29	0.001249	1.000000	0.157237	0.971354
30	0.001087	1.000000	0.187251	0.964658

[test_metric]
ACC_class_level	0.896552
P_macro_class_level	0.853448
R_macro_class_level	0.896552
F1_macro_class_level	0.866667
num_classes_in_val	87
target_success_ratio_threshold	0.900000
target_success_rate_class_level	0.896552
