epoch	train_loss	train_acc	val_loss	val_acc
1	2.658416	0.469223	2.064714	0.412202
2	0.487993	0.902225	0.711742	0.796503
3	0.260358	0.946970	1.098175	0.709821
4	0.165554	0.957386	0.884663	0.766369
5	0.158714	0.963068	0.716192	0.831101
6	0.073752	0.984138	0.194817	0.940104
7	0.037383	0.992187	0.215665	0.952381
8	0.020265	0.997869	0.109541	0.972470
9	0.010801	0.998580	0.107296	0.968750
10	0.023207	0.992661	0.163014	0.960938
11	0.019290	0.997159	0.137952	0.954241
12	0.018186	0.996922	0.134849	0.965402
13	0.011448	0.997869	0.127912	0.968750
14	0.006082	1.000000	0.084039	0.973214
15	0.003942	1.000000	0.086243	0.981027
16	0.002473	1.000000	0.060140	0.981771
17	0.002435	1.000000	0.066140	0.986235
18	0.002026	1.000000	0.055828	0.986979
19	0.001920	1.000000	0.080292	0.981027
20	0.001706	1.000000	0.060488	0.978423
21	0.001620	1.000000	0.063497	0.983631
22	0.001426	1.000000	0.054743	0.986979
23	0.001604	1.000000	0.056048	0.984375
24	0.001181	1.000000	0.061546	0.986979
25	0.001307	1.000000	0.054871	0.986979
26	0.001227	1.000000	0.054924	0.984375
27	0.001460	1.000000	0.068914	0.981027
28	0.001219	1.000000	0.056594	0.984375
29	0.001180	1.000000	0.061056	0.986979
30	0.001217	1.000000	0.056780	0.989583

[test_metric]
ACC_class_level	0.954023
P_macro_class_level	0.931035
R_macro_class_level	0.954023
F1_macro_class_level	0.938697
num_classes_in_val	87
target_success_ratio_threshold	0.900000
target_success_rate_class_level	0.954023
