epoch	train_loss	train_acc	val_loss	val_acc
1	2.743519	0.455966	1.762611	0.508557
2	0.515545	0.904119	0.863919	0.760417
3	0.216103	0.945786	0.415739	0.909970
4	0.137819	0.969934	0.284621	0.945312
5	0.089632	0.977746	0.477746	0.888393
6	0.103396	0.975142	0.396505	0.894345
7	0.050479	0.990767	0.173526	0.943824
8	0.054312	0.986269	0.411739	0.885045
9	0.037036	0.995739	0.142979	0.966146
10	0.017251	0.997869	0.144234	0.962798
11	0.008461	0.998580	0.105308	0.971354
12	0.004560	1.000000	0.079067	0.979167
13	0.003121	1.000000	0.077928	0.979167
14	0.002510	1.000000	0.098561	0.978423
15	0.002263	1.000000	0.080068	0.978423
16	0.001843	1.000000	0.076846	0.984375
17	0.001582	1.000000	0.077075	0.978423
18	0.001800	1.000000	0.070079	0.984375
19	0.001632	1.000000	0.091838	0.978423
20	0.001461	1.000000	0.077762	0.981771
21	0.001473	1.000000	0.072910	0.981771
22	0.001517	1.000000	0.071615	0.981771
23	0.001674	1.000000	0.082666	0.975074
24	0.001462	1.000000	0.092077	0.978423
25	0.001251	1.000000	0.070819	0.978423
26	0.001430	1.000000	0.072449	0.981771
27	0.001161	1.000000	0.074256	0.978423
28	0.001109	1.000000	0.077802	0.981027
29	0.001275	1.000000	0.071618	0.984375
30	0.001126	1.000000	0.068582	0.984375

[test_metric]
ACC_class_level	0.931034
P_macro_class_level	0.902299
R_macro_class_level	0.931035
F1_macro_class_level	0.911877
num_classes_in_val	87
target_success_ratio_threshold	0.900000
target_success_rate_class_level	0.931034
