epoch	train_loss	train_acc	val_loss	val_acc
1	2.702029	0.480350	1.564295	0.602307
2	0.469909	0.909801	0.763717	0.817336
3	0.185953	0.958333	0.357371	0.903274
4	0.094781	0.980824	0.532657	0.852307
5	0.080181	0.986506	0.352279	0.902158
6	0.038826	0.995028	0.218004	0.937500
7	0.019000	0.997159	0.257842	0.937872
8	0.030580	0.994318	0.190678	0.954985
9	0.014445	0.996449	0.252460	0.934524
10	0.018363	0.998580	0.171927	0.959449
11	0.008648	0.998580	0.165661	0.960938
12	0.004665	1.000000	0.161527	0.960193
13	0.003259	1.000000	0.148166	0.962798
14	0.002196	1.000000	0.145975	0.965402
15	0.002040	1.000000	0.154090	0.956101
16	0.001887	1.000000	0.133980	0.968750
17	0.001717	1.000000	0.125683	0.966146
18	0.001519	1.000000	0.125989	0.966146
19	0.001598	1.000000	0.132202	0.962798
20	0.001530	1.000000	0.171391	0.956101
21	0.001563	1.000000	0.126780	0.962798
22	0.001501	1.000000	0.139485	0.962798
23	0.001251	1.000000	0.132688	0.962798
24	0.001269	1.000000	0.125195	0.966146
25	0.001194	1.000000	0.139109	0.965402
26	0.001213	1.000000	0.177356	0.956101
27	0.001219	1.000000	0.137252	0.965402
28	0.001076	1.000000	0.143685	0.962798
29	0.001189	1.000000	0.145646	0.962798
30	0.001162	1.000000	0.123607	0.966146

[test_metric]
ACC_class_level	0.885057
P_macro_class_level	0.835249
R_macro_class_level	0.885057
F1_macro_class_level	0.850575
num_classes_in_val	87
target_success_ratio_threshold	0.900000
target_success_rate_class_level	0.885057
