epoch	train_loss	train_acc	val_loss	val_acc
1	2.769789	0.431818	1.648828	0.546875
2	0.534410	0.881392	0.756257	0.779018
3	0.247283	0.945076	0.545535	0.862351
4	0.155895	0.972064	0.500233	0.860119
5	0.103381	0.980114	0.681362	0.817336
6	0.083419	0.983665	0.228255	0.941220
7	0.038776	0.993608	0.168776	0.965402
8	0.042168	0.990057	0.287617	0.922247
9	0.067406	0.985085	0.243283	0.931548
10	0.056141	0.989110	0.257299	0.926711
11	0.031647	0.992898	0.159625	0.964658
12	0.021967	0.995028	0.105642	0.976562
13	0.011568	0.997159	0.099386	0.968750
14	0.005982	0.999290	0.080403	0.979167
15	0.005784	0.999290	0.090131	0.979167
16	0.003219	1.000000	0.084776	0.975818
17	0.002642	1.000000	0.080007	0.979167
18	0.002239	1.000000	0.076890	0.979167
19	0.002002	1.000000	0.078343	0.973214
20	0.001686	1.000000	0.072812	0.979167
21	0.001512	1.000000	0.075112	0.979167
22	0.001574	1.000000	0.076800	0.981771
23	0.001670	1.000000	0.079377	0.978423
24	0.001535	1.000000	0.096377	0.978423
25	0.001358	1.000000	0.093231	0.978423
26	0.001271	1.000000	0.072124	0.981771
27	0.001220	1.000000	0.072105	0.981771
28	0.001516	1.000000	0.083902	0.975818
29	0.001198	1.000000	0.075913	0.979167
30	0.001171	1.000000	0.075959	0.979167

[test_metric]
ACC_class_level	0.931034
P_macro_class_level	0.913793
R_macro_class_level	0.931035
F1_macro_class_level	0.919540
num_classes_in_val	87
target_success_ratio_threshold	0.900000
target_success_rate_class_level	0.931034
