epoch	train_loss	train_acc	val_loss	val_acc
1	4.643067	0.012097	4.232563	0.015625
2	4.237258	0.010081	4.177883	0.016276
3	4.203476	0.012097	4.160381	0.016276
4	4.200527	0.009073	4.163116	0.015625
5	4.194340	0.013609	4.155036	0.016276
6	4.175943	0.014113	4.142689	0.015625
7	4.167586	0.013105	4.141061	0.015625
8	4.168828	0.014113	4.142728	0.015625
9	4.169422	0.014113	4.140539	0.016276
10	4.170661	0.012097	4.139433	0.016276
11	4.161275	0.008065	4.132914	0.016276
12	4.161124	0.011089	4.134065	0.016276
13	4.159088	0.013609	4.133586	0.015625
14	4.152043	0.015121	4.132639	0.018229
15	4.156347	0.012601	4.133079	0.035156
16	4.148986	0.014113	4.130702	0.016927
17	4.148909	0.010585	4.130719	0.016276
18	4.146617	0.013609	4.129939	0.016276
19	4.147422	0.019153	4.130351	0.015625
20	4.150537	0.012097	4.130778	0.016276
21	4.144805	0.014617	4.130099	0.016276
22	4.143653	0.013105	4.129083	0.016276
23	4.141838	0.012097	4.129426	0.015625
24	4.139231	0.017137	4.128577	0.015625
25	4.142781	0.016633	4.127961	0.015625
26	4.140748	0.016129	4.127265	0.016276
27	4.140202	0.011593	4.126717	0.015625
28	4.135333	0.014113	4.125464	0.015625
29	4.134908	0.014113	4.123900	0.015625
30	4.137389	0.015121	4.120226	0.031901

[test_metric]
ACC_class_level	0.032258
P_macro_class_level	0.001789
R_macro_class_level	0.032258
F1_macro_class_level	0.003321
num_classes_in_val	62
target_success_ratio_threshold	0.900000
target_success_rate_class_level	0.032258
