epoch	train_loss	train_acc	val_loss	val_acc
1	4.683410	0.011593	4.230829	0.015625
2	4.218778	0.010585	4.191094	0.016276
3	4.206654	0.013105	4.166521	0.015625
4	4.191311	0.014617	4.156954	0.017578
5	4.194216	0.010585	4.163607	0.015625
6	4.179105	0.011593	4.144946	0.016276
7	4.178626	0.010081	4.139968	0.016927
8	4.173449	0.013609	4.142094	0.016276
9	4.170409	0.013609	4.140352	0.016276
10	4.173568	0.011593	4.137926	0.015625
11	4.162285	0.015121	4.132514	0.016276
12	4.155054	0.010585	4.129414	0.016276
13	4.151539	0.013609	4.121818	0.016276
14	4.127956	0.023185	4.041253	0.034505
15	3.758166	0.029234	3.522627	0.074219
16	3.455664	0.055444	3.310632	0.064453
17	3.247385	0.070060	3.119895	0.091797
18	3.082040	0.090726	2.984811	0.099609
19	3.021897	0.085685	2.961708	0.111979
20	2.912411	0.104839	2.837506	0.111979
21	2.783782	0.157258	2.711514	0.194010
22	2.686266	0.185484	2.635010	0.210938
23	2.590879	0.219254	2.551891	0.216797
24	2.476294	0.241431	2.464418	0.242839
25	2.404044	0.244960	2.514372	0.218099
26	2.289213	0.288810	2.330591	0.305339
27	2.220863	0.314012	2.202838	0.344401
28	2.165980	0.331653	2.194144	0.335938
29	2.108029	0.351815	2.161103	0.341146
30	2.069897	0.360383	2.079228	0.380208

[test_metric]
ACC_class_level	0.080645
P_macro_class_level	0.040323
R_macro_class_level	0.080645
F1_macro_class_level	0.051075
num_classes_in_val	62
target_success_ratio_threshold	0.900000
target_success_rate_class_level	0.080645
