epoch	train_loss	train_acc	val_loss	val_acc
1	4.626968	0.012601	4.229878	0.016927
2	4.231695	0.009073	4.175590	0.015625
3	4.203623	0.015121	4.167276	0.015625
4	4.189812	0.009577	4.165513	0.015625
5	4.198823	0.010585	4.153640	0.016927
6	4.173022	0.011089	4.142422	0.016276
7	4.175726	0.010585	4.140174	0.015625
8	4.172748	0.013609	4.138625	0.017578
9	4.167858	0.014617	4.139188	0.016276
10	4.167030	0.007560	4.142315	0.016276
11	4.163410	0.012601	4.133397	0.016276
12	4.159204	0.007560	4.132393	0.016927
13	4.159163	0.011593	4.132695	0.016276
14	4.157583	0.011593	4.133223	0.015625
15	4.158358	0.011593	4.132551	0.016276
16	4.147968	0.009073	4.130462	0.016276
17	4.150043	0.013609	4.130652	0.015625
18	4.149098	0.013105	4.130462	0.016276
19	4.146239	0.011593	4.130188	0.015625
20	4.149392	0.009577	4.129364	0.015625
21	4.143898	0.012097	4.127721	0.018229
22	4.142440	0.010585	4.126114	0.032552
23	4.139880	0.015121	4.124569	0.015625
24	4.137155	0.016129	4.118779	0.031901
25	4.125389	0.015121	4.102009	0.036458
26	4.092459	0.034274	4.034818	0.032552
27	3.885021	0.033770	3.680196	0.033203
28	3.622349	0.036290	3.526813	0.052083
29	3.481143	0.054940	3.390932	0.090495
30	3.330394	0.065020	3.205722	0.112630

[test_metric]
ACC_class_level	0.032258
P_macro_class_level	0.003545
R_macro_class_level	0.032258
F1_macro_class_level	0.006336
num_classes_in_val	62
target_success_ratio_threshold	0.900000
target_success_rate_class_level	0.032258
