epoch	train_loss	train_acc	val_loss	val_acc
1	4.620675	0.008569	4.226110	0.018880
2	4.218114	0.010585	4.171997	0.016276
3	4.202765	0.009577	4.178640	0.015625
4	4.197524	0.011593	4.154678	0.016276
5	4.190610	0.017137	4.160274	0.016276
6	4.179987	0.014617	4.139820	0.016276
7	4.174222	0.009577	4.140449	0.016276
8	4.172732	0.008065	4.139238	0.016927
9	4.174355	0.012097	4.142081	0.015625
10	4.173059	0.007560	4.139196	0.015625
11	4.161312	0.009073	4.133281	0.017578
12	4.158075	0.010081	4.132804	0.015625
13	4.155256	0.013105	4.132815	0.016276
14	4.158472	0.018145	4.131797	0.015625
15	4.153461	0.009577	4.132533	0.015625
16	4.150953	0.010081	4.130318	0.016927
17	4.148617	0.010585	4.130697	0.016276
18	4.146124	0.015121	4.130010	0.015625
19	4.149598	0.009073	4.129701	0.016276
20	4.148738	0.016129	4.128625	0.015625
21	4.141946	0.012097	4.126697	0.016276
22	4.137312	0.015121	4.124012	0.027995
23	4.134868	0.014617	4.119467	0.029948
24	4.123516	0.023690	4.097083	0.032552
25	4.042425	0.025706	3.826895	0.031250
26	3.665938	0.033770	3.491145	0.071615
27	3.437122	0.060988	3.273058	0.097656
28	3.273534	0.069052	3.130312	0.123047
29	3.130707	0.086190	2.995968	0.143880
30	3.000968	0.125504	2.889486	0.159505

[test_metric]
ACC_class_level	0.032258
P_macro_class_level	0.008065
R_macro_class_level	0.032258
F1_macro_class_level	0.012673
num_classes_in_val	62
target_success_ratio_threshold	0.900000
target_success_rate_class_level	0.032258
