epoch	train_loss	train_acc	val_loss	val_acc
1	4.627987	0.012601	4.227916	0.015625
2	4.231322	0.009577	4.184279	0.016276
3	4.209610	0.008065	4.159885	0.015625
4	4.193983	0.010585	4.161143	0.016276
5	4.195549	0.015625	4.173042	0.016927
6	4.178158	0.012601	4.140640	0.015625
7	4.172500	0.010585	4.141011	0.015625
8	4.169810	0.013105	4.139188	0.016276
9	4.166835	0.012097	4.137597	0.016276
10	4.165645	0.011089	4.136910	0.015625
11	4.159521	0.016129	4.132002	0.016276
12	4.156916	0.012601	4.132872	0.015625
13	4.155622	0.010081	4.132483	0.015625
14	4.157551	0.015121	4.129290	0.016276
15	4.148741	0.015625	4.119665	0.032552
16	4.117238	0.019153	4.055073	0.019531
17	3.890958	0.033266	3.637001	0.039714
18	3.590365	0.041835	3.467513	0.057292
19	3.390888	0.056452	3.312899	0.062500
20	3.253270	0.059980	3.171520	0.080078
21	3.087605	0.084677	3.255672	0.091797
22	3.009247	0.075101	3.128131	0.100911
23	2.935183	0.117944	3.190903	0.088542
24	2.860820	0.127016	2.965806	0.107422
25	2.797850	0.143649	2.990047	0.121745
26	2.714798	0.160282	2.950824	0.117839
27	2.673565	0.166835	3.053501	0.106120
28	2.626966	0.182460	2.948793	0.104167
29	2.585031	0.179435	2.866020	0.136719
30	2.532940	0.220766	2.917436	0.142578

[test_metric]
ACC_class_level	0.032258
P_macro_class_level	0.005530
R_macro_class_level	0.032258
F1_macro_class_level	0.009409
num_classes_in_val	62
target_success_ratio_threshold	0.900000
target_success_rate_class_level	0.032258
