epoch	train_loss	train_acc	val_loss	val_acc
1	3.740492	0.427923	4.474956	0.031901
2	1.774024	0.836694	1.693997	0.763672
3	0.916309	0.946069	1.037983	0.893880
4	0.513580	0.976815	0.838144	0.904297
5	0.281159	0.992440	0.599811	0.913411
6	0.147826	0.998992	0.410814	0.935547
7	0.093229	1.000000	0.396597	0.918620
8	0.069153	1.000000	0.349577	0.941406
9	0.052992	1.000000	0.329327	0.934896
10	0.041994	1.000000	0.311538	0.942708
11	0.035162	1.000000	0.298421	0.938151
12	0.029732	1.000000	0.284396	0.942708
13	0.026691	1.000000	0.285025	0.938802
14	0.025333	1.000000	0.284729	0.949219
15	0.021590	1.000000	0.281853	0.946615
16	0.020024	1.000000	0.275866	0.946615
17	0.018087	1.000000	0.260146	0.948568
18	0.017802	1.000000	0.264340	0.947266
19	0.015606	1.000000	0.262925	0.941406
20	0.015257	1.000000	0.257089	0.940755
21	0.014983	1.000000	0.254213	0.949219
22	0.013935	1.000000	0.260585	0.945964
23	0.013417	1.000000	0.250388	0.948568
24	0.012950	1.000000	0.253952	0.945312
25	0.012135	1.000000	0.253343	0.943359
26	0.011611	1.000000	0.252088	0.951823
27	0.011861	1.000000	0.252186	0.952474
28	0.011364	1.000000	0.248782	0.945964
29	0.010584	1.000000	0.248460	0.945964
30	0.010948	1.000000	0.255495	0.943359

[test_metric]
ACC_class_level	0.741935
P_macro_class_level	0.655914
R_macro_class_level	0.741935
F1_macro_class_level	0.682796
num_classes_in_val	62
target_success_ratio_threshold	0.900000
target_success_rate_class_level	0.741935
