epoch	train_loss	train_acc	val_loss	val_acc
1	3.805326	0.380040	4.323735	0.016927
2	1.838443	0.825605	1.787882	0.786458
3	0.984073	0.929435	1.051915	0.884115
4	0.541341	0.972278	0.847854	0.908203
5	0.299942	0.992440	0.694155	0.911458
6	0.162087	0.997984	0.447707	0.951823
7	0.101021	1.000000	0.332786	0.958984
8	0.070127	1.000000	0.295279	0.960938
9	0.054935	1.000000	0.281970	0.962240
10	0.044403	1.000000	0.265049	0.966146
11	0.035048	1.000000	0.259426	0.966146
12	0.032051	1.000000	0.241839	0.966146
13	0.027983	1.000000	0.240060	0.960938
14	0.025875	1.000000	0.238337	0.958984
15	0.022458	1.000000	0.234805	0.957682
16	0.019895	1.000000	0.227243	0.968099
17	0.017958	1.000000	0.226024	0.962891
18	0.017621	1.000000	0.224862	0.962891
19	0.016218	1.000000	0.220492	0.966146
20	0.016271	1.000000	0.216306	0.960938
21	0.014946	1.000000	0.219152	0.962240
22	0.014277	1.000000	0.217975	0.966146
23	0.013250	1.000000	0.209400	0.963542
24	0.012764	1.000000	0.217845	0.964193
25	0.012871	1.000000	0.213968	0.968099
26	0.012130	1.000000	0.212408	0.960286
27	0.011707	1.000000	0.204035	0.964844
28	0.011368	1.000000	0.211136	0.961589
29	0.011308	1.000000	0.214495	0.962891
30	0.011010	1.000000	0.207996	0.963542

[test_metric]
ACC_class_level	0.806452
P_macro_class_level	0.747312
R_macro_class_level	0.806452
F1_macro_class_level	0.766129
num_classes_in_val	62
target_success_ratio_threshold	0.900000
target_success_rate_class_level	0.806452
