epoch	train_loss	train_acc	val_loss	val_acc
1	3.767410	0.443044	4.422437	0.018229
2	1.799226	0.820565	1.598082	0.797526
3	0.938345	0.936996	1.154661	0.848958
4	0.505535	0.977823	0.768318	0.912109
5	0.283747	0.993952	0.524790	0.940755
6	0.149971	0.999496	0.377921	0.951172
7	0.091369	1.000000	0.318343	0.951172
8	0.066146	1.000000	0.291622	0.952474
9	0.050582	1.000000	0.270498	0.948568
10	0.040829	1.000000	0.251235	0.960286
11	0.035004	1.000000	0.245882	0.957682
12	0.028736	1.000000	0.233805	0.958333
13	0.026207	1.000000	0.232771	0.962891
14	0.023302	1.000000	0.229488	0.958333
15	0.020993	1.000000	0.224122	0.958984
16	0.020060	1.000000	0.226207	0.957682
17	0.018105	1.000000	0.218491	0.956380
18	0.017308	1.000000	0.217989	0.957031
19	0.016578	1.000000	0.213056	0.956380
20	0.015145	1.000000	0.216957	0.956380
21	0.014328	1.000000	0.214989	0.956380
22	0.013670	1.000000	0.208115	0.960938
23	0.012928	1.000000	0.213910	0.960286
24	0.012909	1.000000	0.203678	0.960286
25	0.012012	1.000000	0.211903	0.957031
26	0.011856	1.000000	0.207094	0.959635
27	0.011507	1.000000	0.208156	0.959635
28	0.011329	1.000000	0.197929	0.958984
29	0.010885	1.000000	0.202082	0.958333
30	0.010419	1.000000	0.200336	0.955729

[test_metric]
ACC_class_level	0.790323
P_macro_class_level	0.723118
R_macro_class_level	0.790323
F1_macro_class_level	0.744624
num_classes_in_val	62
target_success_ratio_threshold	0.900000
target_success_rate_class_level	0.790323
