epoch	train_loss	train_acc	val_loss	val_acc
1	3.463837	0.358191	4.698103	0.085565
2	0.707467	0.840672	1.403436	0.675595
3	0.183548	0.972538	0.587246	0.850446
4	0.084927	0.990057	0.352505	0.911830
5	0.041930	0.996212	0.277786	0.925595
6	0.020210	0.999290	0.269495	0.921131
7	0.011417	1.000000	0.230475	0.949033
8	0.006519	1.000000	0.199165	0.950893
9	0.005557	1.000000	0.176458	0.960193
10	0.003777	1.000000	0.166196	0.960193
11	0.003787	1.000000	0.203855	0.959449
12	0.002790	1.000000	0.163413	0.966146
13	0.003048	1.000000	0.161800	0.960938
14	0.002770	1.000000	0.177840	0.957589
15	0.002710	1.000000	0.155259	0.968750
16	0.002168	1.000000	0.158941	0.966146
17	0.002121	1.000000	0.189865	0.956845
18	0.002418	1.000000	0.185839	0.956101
19	0.001896	1.000000	0.177835	0.960193
20	0.002003	1.000000	0.154299	0.966146
21	0.001891	1.000000	0.162514	0.962798
22	0.001658	1.000000	0.155254	0.966146
23	0.001774	1.000000	0.167155	0.962798
24	0.001928	1.000000	0.189588	0.959449
25	0.001889	1.000000	0.165683	0.962798
26	0.002191	1.000000	0.208085	0.948289
27	0.001902	1.000000	0.167223	0.962798
28	0.001381	1.000000	0.154182	0.966146
29	0.001461	1.000000	0.169135	0.962798
30	0.001708	1.000000	0.155084	0.966146

[test_metric]
ACC_class_level	0.885057
P_macro_class_level	0.840996
R_macro_class_level	0.885057
F1_macro_class_level	0.854406
num_classes_in_val	87
target_success_ratio_threshold	0.900000
target_success_rate_class_level	0.885057
