epoch	train_loss	train_acc	val_loss	val_acc
1	3.337255	0.359138	4.298680	0.060640
2	0.658791	0.852746	2.122268	0.492560
3	0.211511	0.959280	0.647433	0.857887
4	0.069360	0.989347	0.388378	0.901414
5	0.042556	0.993608	0.264022	0.950893
6	0.017799	1.000000	0.173141	0.965402
7	0.009493	1.000000	0.171692	0.954241
8	0.008111	1.000000	0.162071	0.962798
9	0.004975	1.000000	0.136949	0.966146
10	0.004357	1.000000	0.145590	0.965402
11	0.004604	1.000000	0.151543	0.960193
12	0.003962	1.000000	0.138408	0.966146
13	0.002787	1.000000	0.170972	0.956101
14	0.002578	1.000000	0.136516	0.962798
15	0.002836	1.000000	0.140182	0.956845
16	0.002378	1.000000	0.133640	0.966146
17	0.001848	1.000000	0.149349	0.956101
18	0.001765	1.000000	0.129169	0.966146
19	0.002051	1.000000	0.162520	0.959449
20	0.001757	1.000000	0.131906	0.966146
21	0.002167	1.000000	0.135135	0.962798
22	0.002579	1.000000	0.135800	0.962798
23	0.001740	1.000000	0.141194	0.962798
24	0.001487	1.000000	0.143785	0.959449
25	0.001658	1.000000	0.128779	0.966146
26	0.001560	1.000000	0.133754	0.962798
27	0.001535	1.000000	0.134947	0.962798
28	0.001494	1.000000	0.164358	0.959449
29	0.001326	1.000000	0.153654	0.956101
30	0.001342	1.000000	0.126999	0.966146

[test_metric]
ACC_class_level	0.885057
P_macro_class_level	0.854406
R_macro_class_level	0.885057
F1_macro_class_level	0.863985
num_classes_in_val	87
target_success_ratio_threshold	0.900000
target_success_rate_class_level	0.885057
