epoch	train_loss	train_acc	val_loss	val_acc
1	3.381030	0.360795	3.587702	0.167783
2	0.750572	0.832386	1.350194	0.668899
3	0.226873	0.956439	0.579362	0.860863
4	0.107139	0.980114	0.469238	0.885789
5	0.056918	0.990767	0.351343	0.922991
6	0.031815	0.995739	0.415461	0.886533
7	0.027402	0.994081	0.257698	0.936012
8	0.020902	0.997633	0.353415	0.921503
9	0.011856	0.999290	0.303872	0.928199
10	0.020262	0.996449	0.305245	0.936756
11	0.013130	0.998580	0.221535	0.957589
12	0.011689	0.997869	0.230805	0.950521
13	0.007370	0.999290	0.265615	0.940476
14	0.003865	1.000000	0.214615	0.952381
15	0.003560	1.000000	0.223796	0.951637
16	0.002819	1.000000	0.244041	0.951637
17	0.002312	1.000000	0.248320	0.956845
18	0.002323	1.000000	0.200524	0.963542
19	0.002437	1.000000	0.223693	0.954241
20	0.001767	1.000000	0.218053	0.957589
21	0.001945	1.000000	0.242587	0.957589
22	0.001800	1.000000	0.234627	0.953497
23	0.001766	1.000000	0.205174	0.963542
24	0.001914	1.000000	0.236429	0.957589
25	0.001789	1.000000	0.229106	0.951637
26	0.001717	1.000000	0.216686	0.957589
27	0.001532	1.000000	0.203418	0.963542
28	0.001468	1.000000	0.199500	0.963542
29	0.002070	1.000000	0.247053	0.953497
30	0.001334	1.000000	0.253319	0.953497

[test_metric]
ACC_class_level	0.850575
P_macro_class_level	0.802682
R_macro_class_level	0.850575
F1_macro_class_level	0.818008
num_classes_in_val	87
target_success_ratio_threshold	0.900000
target_success_rate_class_level	0.850575
