epoch	train_loss	train_acc	val_loss	val_acc
1	3.380633	0.340199	3.571659	0.175967
2	0.618957	0.878078	1.136259	0.744792
3	0.209361	0.951941	0.341346	0.911830
4	0.084413	0.985559	0.245581	0.960938
5	0.049588	0.991951	0.170835	0.960938
6	0.017751	1.000000	0.115056	0.976562
7	0.008415	1.000000	0.095803	0.973958
8	0.006058	1.000000	0.115390	0.966518
9	0.005284	1.000000	0.109112	0.968006
10	0.005016	0.999290	0.094604	0.971354
11	0.006931	0.998580	0.105079	0.968750
12	0.005317	1.000000	0.094753	0.976562
13	0.003760	1.000000	0.092305	0.968006
14	0.003597	1.000000	0.101251	0.969866
15	0.002516	1.000000	0.088635	0.973214
16	0.002591	1.000000	0.096694	0.969866
17	0.002297	1.000000	0.085364	0.973214
18	0.002391	1.000000	0.081148	0.976562
19	0.002026	1.000000	0.088195	0.973214
20	0.002174	1.000000	0.099167	0.973214
21	0.001663	1.000000	0.081663	0.976562
22	0.001804	1.000000	0.090594	0.970610
23	0.001597	1.000000	0.091685	0.973214
24	0.001700	1.000000	0.081496	0.973958
25	0.001411	1.000000	0.096294	0.973214
26	0.001528	1.000000	0.081027	0.976562
27	0.001439	1.000000	0.082137	0.973958
28	0.001282	1.000000	0.081947	0.976562
29	0.001381	1.000000	0.095845	0.969866
30	0.001331	1.000000	0.080018	0.976562

[test_metric]
ACC_class_level	0.931034
P_macro_class_level	0.902299
R_macro_class_level	0.931035
F1_macro_class_level	0.911877
num_classes_in_val	87
target_success_ratio_threshold	0.900000
target_success_rate_class_level	0.931034
