epoch	train_loss	train_acc	val_loss	val_acc
1	3.372260	0.350852	4.027985	0.100446
2	0.602900	0.879025	1.363501	0.678199
3	0.183305	0.963068	0.371940	0.925595
4	0.092023	0.985085	0.721830	0.807664
5	0.041558	0.996449	0.151196	0.962798
6	0.026372	0.995739	0.171538	0.953497
7	0.013128	1.000000	0.129406	0.967262
8	0.007778	1.000000	0.088549	0.976562
9	0.004444	1.000000	0.080471	0.979167
10	0.003936	1.000000	0.079367	0.981771
11	0.003339	1.000000	0.088677	0.978423
12	0.002599	1.000000	0.077362	0.981771
13	0.003463	1.000000	0.080491	0.979167
14	0.002767	1.000000	0.087024	0.975818
15	0.002343	1.000000	0.085901	0.975818
16	0.001994	1.000000	0.082012	0.973214
17	0.002127	1.000000	0.098409	0.978423
18	0.002028	1.000000	0.076736	0.979167
19	0.002038	1.000000	0.079153	0.981771
20	0.001891	1.000000	0.088990	0.975818
21	0.001705	1.000000	0.076731	0.979167
22	0.001780	1.000000	0.090951	0.975818
23	0.001556	1.000000	0.079971	0.975818
24	0.001677	1.000000	0.087542	0.975818
25	0.001732	1.000000	0.075232	0.979167
26	0.001497	1.000000	0.073885	0.976562
27	0.002095	1.000000	0.073942	0.979167
28	0.001606	1.000000	0.077701	0.975818
29	0.001472	1.000000	0.074748	0.976562
30	0.001355	1.000000	0.069906	0.979167

[test_metric]
ACC_class_level	0.931034
P_macro_class_level	0.900383
R_macro_class_level	0.931035
F1_macro_class_level	0.909962
num_classes_in_val	87
target_success_ratio_threshold	0.900000
target_success_rate_class_level	0.931034
