epoch	train_loss	train_acc	val_loss	val_acc
1	37.201840	0.156140	2.092308	0.490365
2	24.180435	0.750880	0.463294	0.895399
3	15.068242	0.956866	0.188362	0.958247
4	8.626383	0.984705	0.213321	0.958160
5	5.375383	0.983495	0.134958	0.977865
6	3.280802	0.994168	0.116204	0.984809
7	2.566752	0.995048	0.135962	0.981944
8	2.137747	0.996039	0.130342	0.986458
9	1.839069	0.995929	0.122121	0.986892
10	1.660220	0.997249	0.118860	0.984809
11	1.514945	0.997249	0.128343	0.984722
12	1.411579	0.997359	0.126676	0.987153
13	1.339882	0.997359	0.123260	0.986719
14	1.280699	0.997799	0.120054	0.986979
15	1.232414	0.997689	0.122436	0.987587
16	1.190245	0.997799	0.122770	0.987153
17	1.162227	0.998019	0.122210	0.986719
18	1.139487	0.998019	0.120169	0.987847
19	1.115768	0.998349	0.125621	0.986892
20	1.096689	0.998019	0.130752	0.987326

[test_metric]
ACC_class_level	0.929078
P_macro_class_level	0.900118
R_macro_class_level	0.929078
F1_macro_class_level	0.909574
num_classes_in_val	282
target_success_ratio_threshold	0.900000
target_success_rate_class_level	0.929078
