epoch	train_loss	train_acc	val_loss	val_acc
1	31.558302	0.057218	3.099446	0.249045
2	20.690836	0.604093	0.671065	0.852257
3	12.500418	0.933539	0.159773	0.964063
4	7.027605	0.982724	0.075816	0.981250
5	4.044190	0.989217	0.091169	0.976736
6	2.658816	0.994058	0.065207	0.987587
7	2.038580	0.996149	0.049457	0.989757
8	1.722668	0.997249	0.050883	0.989583
9	1.530832	0.996259	0.051994	0.990365
10	1.380521	0.997469	0.050733	0.989583
11	1.280502	0.997469	0.056065	0.989931
12	1.221441	0.996699	0.058073	0.989931
13	1.173391	0.997579	0.057366	0.989497
14	1.137968	0.998349	0.058711	0.989931
15	1.103409	0.997689	0.054455	0.989757
16	1.071532	0.997799	0.055934	0.988889
17	1.050613	0.998019	0.058755	0.988368
18	1.038143	0.997469	0.056269	0.990191
19	1.020814	0.997469	0.055212	0.990017
20	1.007317	0.997799	0.060494	0.990365

[test_metric]
ACC_class_level	0.950355
P_macro_class_level	0.930851
R_macro_class_level	0.950355
F1_macro_class_level	0.937352
num_classes_in_val	282
target_success_ratio_threshold	0.900000
target_success_rate_class_level	0.950355
