epoch	train_loss	train_acc	val_loss	val_acc
1	39.042651	0.079776	2.744707	0.329861
2	26.356838	0.631712	0.614396	0.879167
3	16.742372	0.927267	0.214215	0.941580
4	10.099233	0.971721	0.102749	0.976128
5	5.900756	0.980854	0.096684	0.979514
6	3.638736	0.992518	0.055230	0.990191
7	2.696715	0.994718	0.067681	0.987413
8	2.322504	0.993618	0.153195	0.971267
9	2.264837	0.991087	0.060201	0.990017
10	1.712879	0.996919	0.055483	0.990017
11	1.533691	0.997689	0.053196	0.991927
12	1.441787	0.997579	0.061176	0.990365
13	1.372861	0.997469	0.051186	0.992622
14	1.302543	0.997579	0.051521	0.991753
15	1.247954	0.997359	0.052438	0.991753
16	1.197550	0.998129	0.051504	0.992274
17	1.168565	0.997689	0.052943	0.991319
18	1.142493	0.998460	0.050571	0.991753
19	1.118102	0.998570	0.050626	0.992188
20	1.097259	0.998570	0.049517	0.993663

[test_metric]
ACC_class_level	0.960993
P_macro_class_level	0.948582
R_macro_class_level	0.960993
F1_macro_class_level	0.952719
num_classes_in_val	282
target_success_ratio_threshold	0.900000
target_success_rate_class_level	0.960993
