epoch	train_loss	train_acc	val_loss	val_acc
1	33.278142	0.152729	2.234024	0.492101
2	20.773630	0.808319	0.353292	0.935590
3	12.476580	0.970511	0.100755	0.972396
4	7.034935	0.985695	0.084659	0.976476
5	4.074621	0.989547	0.096565	0.977778
6	2.804250	0.994498	0.071064	0.987326
7	2.169475	0.996369	0.063046	0.988281
8	1.825975	0.996369	0.064613	0.989757
9	1.623847	0.996589	0.069960	0.986719
10	1.511175	0.995709	0.056235	0.989583
11	1.393671	0.996589	0.060930	0.988889
12	1.309263	0.997799	0.061059	0.989757
13	1.252333	0.997359	0.060251	0.987847
14	1.207916	0.997579	0.065138	0.987240
15	1.174445	0.997469	0.063162	0.989931
16	1.137416	0.998129	0.058075	0.987847
17	1.113480	0.997909	0.055343	0.990017
18	1.097650	0.997689	0.057316	0.989149
19	1.080183	0.998129	0.057283	0.989323
20	1.064808	0.998239	0.056354	0.989583

[test_metric]
ACC_class_level	0.943262
P_macro_class_level	0.926123
R_macro_class_level	0.943262
F1_macro_class_level	0.931442
num_classes_in_val	282
target_success_ratio_threshold	0.900000
target_success_rate_class_level	0.943262
