epoch	train_loss	train_acc	val_loss	val_acc
1	36.396797	0.040383	3.416142	0.184028
2	25.537784	0.482064	0.956523	0.786111
3	16.178120	0.898217	0.236935	0.949826
4	9.648329	0.970841	0.135252	0.970833
5	5.522068	0.985695	0.251726	0.956684
6	3.540298	0.990647	0.090035	0.984288
7	2.651147	0.994498	0.099211	0.982205
8	2.118958	0.994498	0.097023	0.983247
9	1.820691	0.996039	0.090253	0.987847
10	1.600342	0.997029	0.096205	0.986024
11	1.461367	0.995929	0.090113	0.988021
12	1.374102	0.997139	0.090896	0.988281
13	1.312488	0.997579	0.098866	0.986198
14	1.261776	0.996369	0.095479	0.985069
15	1.209706	0.996919	0.090356	0.987413
16	1.168133	0.996259	0.086902	0.988715
17	1.141030	0.996479	0.092098	0.990017
18	1.117391	0.997579	0.093665	0.988455
19	1.097175	0.997249	0.089393	0.988715
20	1.080941	0.997029	0.090640	0.987413

[test_metric]
ACC_class_level	0.943262
P_macro_class_level	0.921986
R_macro_class_level	0.943262
F1_macro_class_level	0.929078
num_classes_in_val	282
target_success_ratio_threshold	0.900000
target_success_rate_class_level	0.943262
