epoch	train_loss	train_acc	val_loss	val_acc
1	5.219401	0.248992	5.038752	0.250651
2	3.983323	0.666835	3.395870	0.690755
3	2.731492	0.810484	2.260185	0.818359
4	1.633733	0.901714	1.477832	0.843099
5	0.888968	0.949597	0.960192	0.899089
6	0.492252	0.983367	0.647186	0.920573
7	0.319223	0.994456	0.518791	0.923828
8	0.219227	0.995968	0.470782	0.934896
9	0.149204	0.998992	0.381292	0.941406
10	0.115520	0.998992	0.390030	0.933594
11	0.086223	1.000000	0.318896	0.944010
12	0.072916	1.000000	0.296773	0.940104
13	0.062069	1.000000	0.299967	0.940104
14	0.054955	1.000000	0.276836	0.942708
15	0.047567	1.000000	0.276670	0.943359
16	0.044223	1.000000	0.275810	0.945964
17	0.040389	1.000000	0.269360	0.943359
18	0.037188	1.000000	0.261074	0.947917
19	0.035664	1.000000	0.257457	0.944010
20	0.032507	1.000000	0.264770	0.944010
21	0.030069	1.000000	0.251180	0.946615
22	0.028872	1.000000	0.248995	0.944661
23	0.028151	1.000000	0.252185	0.947266
24	0.025922	1.000000	0.251368	0.946615
25	0.025306	1.000000	0.253159	0.944661
26	0.023855	1.000000	0.247559	0.946615
27	0.023110	1.000000	0.244842	0.951172
28	0.022618	1.000000	0.242526	0.945964
29	0.021947	1.000000	0.238403	0.944010
30	0.021918	1.000000	0.236202	0.949870

[test_metric]
ACC_class_level	0.725806
P_macro_class_level	0.647849
R_macro_class_level	0.725806
F1_macro_class_level	0.672043
num_classes_in_val	62
target_success_ratio_threshold	0.900000
target_success_rate_class_level	0.725806
