epoch	train_loss	train_acc	val_loss	val_acc
1	5.227538	0.238407	4.757233	0.419271
2	4.051235	0.622984	3.379451	0.628906
3	2.823436	0.779738	2.335359	0.736328
4	1.716459	0.878528	1.400747	0.861979
5	0.938881	0.938004	1.137567	0.850911
6	0.544730	0.978327	0.722126	0.896484
7	0.338784	0.990927	0.565278	0.919271
8	0.229475	0.996976	0.493479	0.916667
9	0.168387	0.996472	0.456622	0.910807
10	0.115267	0.999496	0.405423	0.919922
11	0.090685	1.000000	0.389468	0.912760
12	0.078880	1.000000	0.385282	0.914062
13	0.065519	1.000000	0.357648	0.925130
14	0.057706	1.000000	0.364414	0.925781
15	0.050980	1.000000	0.341056	0.927083
16	0.045189	1.000000	0.344434	0.921224
17	0.041884	1.000000	0.331716	0.925130
18	0.041128	1.000000	0.323551	0.924479
19	0.036164	1.000000	0.325759	0.929688
20	0.032842	1.000000	0.323007	0.926432
21	0.031575	1.000000	0.331767	0.919922
22	0.029642	1.000000	0.326690	0.919922
23	0.028682	1.000000	0.326102	0.920573
24	0.028726	1.000000	0.331248	0.925130
25	0.026548	1.000000	0.307299	0.921224
26	0.025100	1.000000	0.318229	0.924479
27	0.024726	1.000000	0.311604	0.923177
28	0.023911	1.000000	0.314819	0.921224
29	0.022858	1.000000	0.317899	0.910156
30	0.021603	1.000000	0.311775	0.916667

[test_metric]
ACC_class_level	0.580645
P_macro_class_level	0.489247
R_macro_class_level	0.580645
F1_macro_class_level	0.516129
num_classes_in_val	62
target_success_ratio_threshold	0.900000
target_success_rate_class_level	0.580645
