epoch	train_loss	train_acc	val_loss	val_acc
1	5.242166	0.229335	5.110246	0.267578
2	4.131851	0.552419	3.367013	0.667318
3	2.889845	0.743448	2.464038	0.758464
4	1.810623	0.877520	1.522999	0.845703
5	1.030332	0.933468	0.979613	0.894531
6	0.597287	0.973286	0.858691	0.886068
7	0.378850	0.990927	0.656038	0.889974
8	0.248786	0.996976	0.527119	0.909505
9	0.171111	1.000000	0.499345	0.904297
10	0.121268	1.000000	0.451634	0.915365
11	0.096257	1.000000	0.425345	0.902344
12	0.079092	1.000000	0.414512	0.913411
13	0.070912	1.000000	0.403967	0.913411
14	0.062268	1.000000	0.399250	0.912760
15	0.053913	1.000000	0.386412	0.916016
16	0.049232	1.000000	0.375692	0.919922
17	0.044027	1.000000	0.376230	0.914062
18	0.039966	1.000000	0.373713	0.913411
19	0.038179	1.000000	0.359830	0.918620
20	0.035863	1.000000	0.374328	0.910156
21	0.033488	1.000000	0.364490	0.908203
22	0.031896	1.000000	0.365278	0.911458
23	0.029461	1.000000	0.356620	0.917318
24	0.029059	1.000000	0.353598	0.914062
25	0.027235	1.000000	0.359521	0.910156
26	0.025563	1.000000	0.348994	0.916667
27	0.025008	1.000000	0.355941	0.915365
28	0.024642	1.000000	0.363608	0.912109
29	0.024642	1.000000	0.346582	0.914062
30	0.023539	1.000000	0.344943	0.917318

[test_metric]
ACC_class_level	0.629032
P_macro_class_level	0.548387
R_macro_class_level	0.629032
F1_macro_class_level	0.569355
num_classes_in_val	62
target_success_ratio_threshold	0.900000
target_success_rate_class_level	0.629032
