epoch	train_loss	train_acc	val_loss	val_acc
1	5.374213	0.154738	5.048100	0.347005
2	4.335607	0.579133	3.543233	0.585938
3	3.119892	0.711190	2.523861	0.701823
4	2.010844	0.806956	1.630496	0.808594
5	1.176953	0.913306	1.046643	0.858724
6	0.699273	0.964718	0.795358	0.881510
7	0.454869	0.982863	0.666965	0.889974
8	0.310228	0.988407	0.579901	0.898438
9	0.210807	0.997480	0.522743	0.898438
10	0.149351	1.000000	0.458383	0.903646
11	0.115030	0.999496	0.437734	0.904948
12	0.097398	1.000000	0.421166	0.897135
13	0.081849	1.000000	0.404737	0.898438
14	0.071479	1.000000	0.396684	0.904297
15	0.058706	1.000000	0.380175	0.908203
16	0.054009	1.000000	0.373660	0.907552
17	0.047521	1.000000	0.363945	0.904948
18	0.045013	1.000000	0.358231	0.909505
19	0.042563	1.000000	0.359258	0.908203
20	0.037844	1.000000	0.356841	0.908854
21	0.036283	1.000000	0.357601	0.905599
22	0.035175	1.000000	0.358311	0.908203
23	0.031032	1.000000	0.350883	0.909505
24	0.030690	1.000000	0.349825	0.902344
25	0.029190	1.000000	0.350347	0.910807
26	0.028162	1.000000	0.343501	0.910807
27	0.027510	1.000000	0.338490	0.911458
28	0.027306	1.000000	0.348692	0.904948
29	0.025272	1.000000	0.341712	0.906901
30	0.025054	1.000000	0.344334	0.910807

[test_metric]
ACC_class_level	0.548387
P_macro_class_level	0.475806
R_macro_class_level	0.548387
F1_macro_class_level	0.497312
num_classes_in_val	62
target_success_ratio_threshold	0.900000
target_success_rate_class_level	0.548387
