epoch	train_loss	train_acc	val_loss	val_acc
1	5.252515	0.236391	4.890751	0.365234
2	4.105632	0.648690	3.400742	0.724609
3	2.893589	0.774194	2.340824	0.779948
4	1.779790	0.883569	1.470508	0.868490
5	0.999448	0.944052	1.035412	0.856771
6	0.573262	0.975806	0.677615	0.923177
7	0.367918	0.992440	0.566059	0.926432
8	0.236437	0.997984	0.484242	0.940755
9	0.164129	1.000000	0.433165	0.933594
10	0.119182	1.000000	0.392098	0.942057
11	0.091816	1.000000	0.368967	0.940755
12	0.075134	1.000000	0.353734	0.926432
13	0.066521	1.000000	0.338536	0.936198
14	0.058158	1.000000	0.334607	0.936849
15	0.051839	1.000000	0.322806	0.930990
16	0.046689	1.000000	0.319729	0.927083
17	0.041748	1.000000	0.307027	0.931641
18	0.039755	1.000000	0.312281	0.935547
19	0.036373	1.000000	0.304555	0.933594
20	0.033999	1.000000	0.307271	0.934896
21	0.032821	1.000000	0.299682	0.933594
22	0.030853	1.000000	0.293235	0.932943
23	0.029546	1.000000	0.294952	0.932943
24	0.027590	1.000000	0.286839	0.942057
25	0.026725	1.000000	0.282788	0.943359
26	0.025294	1.000000	0.288411	0.941406
27	0.024437	1.000000	0.284889	0.937500
28	0.023810	1.000000	0.288106	0.938151
29	0.023334	1.000000	0.287741	0.936198
30	0.022292	1.000000	0.286749	0.935547

[test_metric]
ACC_class_level	0.612903
P_macro_class_level	0.556452
R_macro_class_level	0.612903
F1_macro_class_level	0.575269
num_classes_in_val	62
target_success_ratio_threshold	0.900000
target_success_rate_class_level	0.612903
