epoch	train_loss	train_acc	val_loss	val_acc
1	5.500922	0.008865	5.044787	0.032986
2	4.920796	0.024269	4.543517	0.069444
3	4.421376	0.060062	3.957619	0.131510
4	3.888876	0.109707	3.384778	0.280816
5	3.391405	0.195590	2.861871	0.390625
6	2.961905	0.292664	2.418654	0.615017
7	2.621062	0.383311	2.050591	0.741753
8	2.316621	0.448803	1.775013	0.737847
9	2.028502	0.528147	1.484375	0.812500
10	1.738195	0.601507	1.207331	0.870226
11	1.511919	0.672318	1.033274	0.904080
12	1.361437	0.714539	0.955210	0.877604
13	1.202826	0.756095	0.793868	0.920139
14	1.084068	0.781915	0.690704	0.918837
15	0.960293	0.811724	0.626427	0.930122
16	0.851087	0.839207	0.494929	0.953993
17	0.783276	0.850066	0.469904	0.947917
18	0.713169	0.869238	0.390666	0.965712
19	0.668903	0.875332	0.386016	0.955729
20	0.617459	0.884530	0.324651	0.963542
21	0.567673	0.899158	0.299196	0.967448
22	0.532827	0.904034	0.271076	0.968316
23	0.500190	0.912566	0.269099	0.964410
24	0.488188	0.911237	0.235769	0.971354
25	0.453924	0.917775	0.225790	0.971354
26	0.436046	0.922540	0.219453	0.973090
27	0.414319	0.927527	0.199442	0.973090
28	0.399956	0.928081	0.190651	0.976128
29	0.390097	0.932402	0.194738	0.973090
30	0.371934	0.934730	0.174985	0.974826

[test_metric]
ACC_class_level	0.921986
P_macro_class_level	0.888298
R_macro_class_level	0.921986
F1_macro_class_level	0.899527
num_classes_in_val	282
target_success_ratio_threshold	0.900000
target_success_rate_class_level	0.921986
