epoch	train_loss	train_acc	val_loss	val_acc
1	5.554925	0.008865	5.164541	0.010417
2	5.032323	0.022496	4.651519	0.051215
3	4.539241	0.046653	4.099084	0.120226
4	4.009641	0.100953	3.500370	0.272135
5	3.524045	0.166223	2.969352	0.389323
6	3.112645	0.250887	2.590182	0.595920
7	2.791942	0.325465	2.351031	0.582465
8	2.494261	0.402482	1.926066	0.769531
9	2.192399	0.482602	1.701036	0.754774
10	1.921787	0.557292	1.388128	0.843750
11	1.696153	0.618905	1.255861	0.865451
12	1.525403	0.667664	1.031389	0.903646
13	1.367317	0.706560	0.875931	0.916667
14	1.221654	0.743794	0.823783	0.913628
15	1.104611	0.770390	0.662199	0.937934
16	0.989605	0.803856	0.607268	0.935330
17	0.916009	0.817043	0.570633	0.927517
18	0.851527	0.839096	0.514070	0.940104
19	0.778022	0.852726	0.443474	0.950087
20	0.720862	0.864694	0.416554	0.953125
21	0.656694	0.883865	0.387291	0.957899
22	0.620404	0.887411	0.352797	0.953125
23	0.591645	0.891290	0.322760	0.960937
24	0.563492	0.902150	0.325041	0.959201
25	0.543405	0.900931	0.297115	0.958333
26	0.504240	0.910461	0.273798	0.963976
27	0.486270	0.912677	0.264199	0.964410
28	0.474441	0.916445	0.250180	0.965278
29	0.445710	0.921543	0.238475	0.968316
30	0.432804	0.925199	0.240865	0.964844

[test_metric]
ACC_class_level	0.875887
P_macro_class_level	0.824173
R_macro_class_level	0.875886
F1_macro_class_level	0.840662
num_classes_in_val	282
target_success_ratio_threshold	0.900000
target_success_rate_class_level	0.875887
