epoch	train_loss	train_acc	val_loss	val_acc
1	5.529046	0.008422	5.098742	0.018229
2	4.995421	0.021831	4.592199	0.046007
3	4.507906	0.050754	4.042714	0.123698
4	3.992361	0.096077	3.455289	0.267361
5	3.482738	0.172318	2.942431	0.447483
6	3.073828	0.255319	2.568597	0.546875
7	2.756486	0.336104	2.311256	0.586372
8	2.482023	0.395612	1.958449	0.729167
9	2.183779	0.481272	1.662629	0.783420
10	1.923668	0.540669	1.398107	0.843316
11	1.689980	0.609597	1.233715	0.858941
12	1.519343	0.661569	1.042381	0.905816
13	1.356349	0.712877	0.965448	0.897569
14	1.235797	0.734707	0.880201	0.881510
15	1.107040	0.763520	0.763390	0.909288
16	0.988487	0.801751	0.606165	0.944444
17	0.902788	0.817708	0.571830	0.937934
18	0.834420	0.837101	0.527751	0.943576
19	0.771471	0.855829	0.487668	0.945312
20	0.706695	0.867686	0.432055	0.950955
21	0.652970	0.880873	0.394079	0.959635
22	0.618820	0.883311	0.376997	0.953559
23	0.575108	0.897052	0.335806	0.962240
24	0.557792	0.895501	0.327698	0.958333
25	0.517880	0.904366	0.302376	0.963976
26	0.491024	0.910239	0.288945	0.965278
27	0.476338	0.909685	0.271445	0.966146
28	0.458670	0.917775	0.269631	0.965712
29	0.441773	0.923980	0.250742	0.967882
30	0.430865	0.922429	0.242613	0.966580

[test_metric]
ACC_class_level	0.890071
P_macro_class_level	0.840425
R_macro_class_level	0.890071
F1_macro_class_level	0.856383
num_classes_in_val	282
target_success_ratio_threshold	0.900000
target_success_rate_class_level	0.890071
