epoch	train_loss	train_acc	val_loss	val_acc
1	5.533806	0.007535	5.100061	0.014757
2	4.974733	0.022385	4.585045	0.059462
3	4.497222	0.051862	4.007730	0.143229
4	3.993678	0.096299	3.494353	0.262153
5	3.530809	0.163896	3.019874	0.440104
6	3.142740	0.236037	2.663633	0.566406
7	2.821178	0.317930	2.295861	0.670573
8	2.544270	0.387079	2.010084	0.733507
9	2.260163	0.464871	1.721136	0.776910
10	1.999740	0.516401	1.456156	0.831163
11	1.765734	0.590758	1.293092	0.866319
12	1.597269	0.640182	1.154141	0.881076
13	1.443346	0.676862	0.999019	0.902778
14	1.303063	0.715315	0.916341	0.903212
15	1.172723	0.743684	0.770616	0.911024
16	1.057237	0.776596	0.658342	0.936632
17	0.972431	0.801086	0.637272	0.930556
18	0.895166	0.817930	0.551167	0.940104
19	0.823491	0.840758	0.510606	0.944878
20	0.763565	0.851285	0.461194	0.952691
21	0.704550	0.866467	0.397711	0.958767
22	0.673630	0.872451	0.391347	0.958333
23	0.630852	0.882646	0.354253	0.960937
24	0.609014	0.884752	0.336916	0.963976
25	0.569766	0.893174	0.322301	0.958767
26	0.543247	0.899269	0.286282	0.968750
27	0.525602	0.901817	0.274664	0.966146
28	0.503581	0.908799	0.271035	0.966146
29	0.483915	0.910683	0.272178	0.965278
30	0.466734	0.915226	0.240662	0.969618

[test_metric]
ACC_class_level	0.872340
P_macro_class_level	0.828901
R_macro_class_level	0.872340
F1_macro_class_level	0.843026
num_classes_in_val	282
target_success_ratio_threshold	0.900000
target_success_rate_class_level	0.872340
