epoch	train_loss	train_acc	val_loss	val_acc
1	6.764764	0.012074	4.327463	0.018229
2	6.119962	0.031013	3.601407	0.084449
3	4.616587	0.184659	2.485045	0.352307
4	3.141993	0.444602	1.748676	0.532738
5	2.161663	0.630919	1.233512	0.618304
6	1.489955	0.768703	0.761389	0.797619
7	1.031648	0.879972	0.688148	0.823661
8	0.777261	0.926610	0.562978	0.872768
9	0.565186	0.954309	0.468349	0.888393
10	0.447227	0.966383	0.505023	0.847842
11	0.362166	0.980587	0.439695	0.876488
12	0.287966	0.988400	0.395720	0.898065
13	0.238133	0.993608	0.391755	0.911830
14	0.193024	0.997159	0.403143	0.907366
15	0.163918	0.996212	0.335790	0.923735
16	0.142726	0.998580	0.339441	0.914435
17	0.128985	1.000000	0.389991	0.918899
18	0.120204	1.000000	0.381492	0.918899
19	0.113628	1.000000	0.336876	0.922991
20	0.108361	1.000000	0.346344	0.920387
21	0.103545	1.000000	0.352071	0.917039
22	0.100538	1.000000	0.336771	0.926339
23	0.097669	1.000000	0.345285	0.919643
24	0.095451	1.000000	0.351498	0.913690
25	0.093104	1.000000	0.347230	0.917039
26	0.090970	1.000000	0.346646	0.917039
27	0.089522	1.000000	0.361524	0.913690
28	0.088225	1.000000	0.311562	0.927083
29	0.086899	1.000000	0.335821	0.917039
30	0.085599	1.000000	0.331374	0.923735

[test_metric]
ACC_class_level	0.965517
P_macro_class_level	0.954023
R_macro_class_level	0.965517
F1_macro_class_level	0.957854
num_classes_in_val	87
target_success_ratio_threshold	0.700000
target_success_rate_class_level	0.965517
