epoch	train_loss	train_acc	val_loss	val_acc
1	6.842130	0.008996	4.455240	0.010417
2	6.222403	0.022017	3.820147	0.031250
3	5.332677	0.079309	3.076175	0.201637
4	4.093345	0.225142	2.357529	0.315104
5	3.204018	0.385417	1.603783	0.513765
6	2.351452	0.568182	1.296215	0.634301
7	1.900067	0.674006	1.003798	0.723214
8	1.438680	0.780066	0.780096	0.813988
9	1.153451	0.840909	0.865657	0.735863
10	0.983827	0.864583	0.529462	0.879464
11	0.645531	0.936080	0.459907	0.872768
12	0.502158	0.958097	0.394661	0.890253
13	0.383677	0.977746	0.358539	0.911830
14	0.328236	0.986979	0.309334	0.924479
15	0.286742	0.986506	0.304069	0.926339
16	0.220230	0.997159	0.338993	0.915551
17	0.199340	0.995265	0.271893	0.934152
18	0.184944	0.996449	0.306343	0.919643
19	0.175036	0.995028	0.272942	0.931548
20	0.144388	0.999290	0.260579	0.944568
21	0.129597	1.000000	0.272591	0.936012
22	0.122750	1.000000	0.253085	0.941964
23	0.117772	1.000000	0.247542	0.945312
24	0.113373	1.000000	0.257603	0.938616
25	0.109188	1.000000	0.252240	0.944568
26	0.105516	1.000000	0.269351	0.941220
27	0.103256	1.000000	0.236607	0.945312
28	0.101188	1.000000	0.264308	0.935268
29	0.098960	1.000000	0.253728	0.944568
30	0.097104	1.000000	0.261858	0.949777

[test_metric]
ACC_class_level	0.931034
P_macro_class_level	0.902299
R_macro_class_level	0.931035
F1_macro_class_level	0.911877
num_classes_in_val	87
target_success_ratio_threshold	0.700000
target_success_rate_class_level	0.931034
