epoch	train_loss	train_acc	val_loss	val_acc
1	6.900503	0.007102	4.471877	0.020833
2	6.749002	0.018939	4.079667	0.052827
3	5.112402	0.146307	2.523393	0.336682
4	3.352324	0.412642	1.600032	0.602679
5	2.414982	0.598958	1.192973	0.624256
6	1.659350	0.751184	0.770003	0.779390
7	1.246006	0.826705	0.608394	0.837426
8	0.935061	0.891809	0.478201	0.862351
9	0.665178	0.942945	0.443833	0.892113
10	0.569938	0.941525	0.460097	0.876488
11	0.477808	0.955256	0.351739	0.890997
12	0.332718	0.982008	0.303460	0.912574
13	0.242850	0.993608	0.228664	0.937500
14	0.198235	0.994318	0.204371	0.941964
15	0.166176	0.997869	0.240717	0.946429
16	0.141857	0.999290	0.204702	0.949777
17	0.127603	1.000000	0.193833	0.951637
18	0.118180	1.000000	0.197253	0.951637
19	0.110040	1.000000	0.216866	0.943080
20	0.103511	1.000000	0.198717	0.956845
21	0.098111	1.000000	0.204439	0.949033
22	0.094367	1.000000	0.188597	0.962798
23	0.091559	1.000000	0.197279	0.960193
24	0.088472	1.000000	0.198138	0.951637
25	0.086247	1.000000	0.202379	0.960193
26	0.083404	1.000000	0.192466	0.962798
27	0.081646	1.000000	0.179584	0.963542
28	0.080422	1.000000	0.177538	0.966146
29	0.079054	1.000000	0.200857	0.960193
30	0.077451	1.000000	0.176093	0.963542

[test_metric]
ACC_class_level	0.988506
P_macro_class_level	0.982759
R_macro_class_level	0.988506
F1_macro_class_level	0.984674
num_classes_in_val	87
target_success_ratio_threshold	0.700000
target_success_rate_class_level	0.988506
