epoch	train_loss	train_acc	val_loss	val_acc
1	6.973053	0.009470	4.431775	0.016369
2	6.293365	0.032907	3.598786	0.085565
3	5.164400	0.098248	3.024259	0.156622
4	4.302551	0.184896	2.379258	0.269345
5	3.491324	0.344697	1.973812	0.426339
6	2.821496	0.487689	1.462836	0.597098
7	2.165667	0.652699	1.057218	0.737723
8	1.623313	0.768939	0.851616	0.778646
9	1.327179	0.821970	0.683429	0.830729
10	0.990420	0.872396	0.690319	0.802083
11	0.748919	0.915720	0.468852	0.889137
12	0.491539	0.968040	0.422583	0.873884
13	0.380177	0.982244	0.436153	0.903646
14	0.312652	0.987216	0.336695	0.932664
15	0.238699	0.990057	0.320717	0.933408
16	0.194039	0.996922	0.275831	0.947173
17	0.170046	0.996449	0.272950	0.947173
18	0.150553	0.998580	0.298490	0.949777
19	0.136077	0.999290	0.323532	0.926711
20	0.141222	0.994318	0.296761	0.943824
21	0.120479	0.999290	0.285642	0.943824
22	0.111905	1.000000	0.262147	0.949777
23	0.115992	0.995028	0.292952	0.944568
24	0.107162	0.998580	0.268750	0.949777
25	0.097658	1.000000	0.277536	0.949777
26	0.092794	1.000000	0.283957	0.943080
27	0.090395	1.000000	0.276331	0.946429
28	0.088089	1.000000	0.252606	0.953125
29	0.086105	1.000000	0.293702	0.946429
30	0.083983	1.000000	0.286700	0.946429

[test_metric]
ACC_class_level	0.954023
P_macro_class_level	0.931035
R_macro_class_level	0.954023
F1_macro_class_level	0.938697
num_classes_in_val	87
target_success_ratio_threshold	0.700000
target_success_rate_class_level	0.954023
