epoch	train_loss	train_acc	val_loss	val_acc
1	6.758119	0.004972	4.478295	0.013765
2	6.687132	0.010653	4.272966	0.023437
3	5.900603	0.058239	3.264795	0.103051
4	4.196356	0.213305	2.466486	0.300967
5	3.129282	0.429687	1.807587	0.473214
6	2.306094	0.587121	1.414651	0.621652
7	1.871793	0.674716	1.108092	0.685640
8	1.429810	0.784801	0.857639	0.754464
9	1.106732	0.842330	0.860814	0.763393
10	0.914613	0.873816	0.658952	0.813244
11	0.638395	0.928030	0.539994	0.856399
12	0.543216	0.941525	0.520799	0.868676
13	0.434566	0.964015	0.487551	0.866815
14	0.414979	0.958807	0.524901	0.853795
15	0.394026	0.961174	0.460114	0.866071
16	0.315962	0.979403	0.375890	0.907366
17	0.232568	0.990057	0.363409	0.905878
18	0.201898	0.991241	0.337147	0.922991
19	0.176231	0.996449	0.347887	0.922991
20	0.158937	0.996449	0.338972	0.927455
21	0.141104	0.997869	0.383757	0.912946
22	0.132175	0.999053	0.343721	0.925595
23	0.125949	0.999290	0.340407	0.927455
24	0.121635	0.999290	0.349713	0.919643
25	0.125742	0.997869	0.332547	0.928199
26	0.114333	0.998580	0.347594	0.924851
27	0.108550	0.999290	0.352905	0.921503
28	0.103927	1.000000	0.332675	0.927455
29	0.100516	1.000000	0.370088	0.923363
30	0.098253	1.000000	0.309356	0.937500

[test_metric]
ACC_class_level	0.965517
P_macro_class_level	0.948276
R_macro_class_level	0.965517
F1_macro_class_level	0.954023
num_classes_in_val	87
target_success_ratio_threshold	0.700000
target_success_rate_class_level	0.965517
