epoch	train_loss	train_acc	val_loss	val_acc
1	5.122811	0.021673	4.759187	0.016276
2	4.280295	0.057460	4.169909	0.138021
3	3.932383	0.073085	3.847828	0.132161
4	3.695362	0.096774	3.617418	0.131510
5	3.508067	0.120464	3.405932	0.155599
6	3.368522	0.134073	3.215235	0.201823
7	3.241485	0.165323	3.094663	0.246094
8	3.148729	0.170363	2.983290	0.265625
9	3.032129	0.196573	2.854381	0.319010
10	2.951144	0.202117	2.740644	0.333333
11	2.835746	0.243952	2.642371	0.349609
12	2.782256	0.257560	2.541943	0.379557
13	2.681192	0.288810	2.459914	0.429036
14	2.638659	0.298387	2.359455	0.462240
15	2.542531	0.307964	2.294507	0.414062
16	2.519943	0.311492	2.243056	0.443359
17	2.460444	0.341734	2.190709	0.432943
18	2.410658	0.328629	2.136507	0.469401
19	2.362256	0.336694	2.124948	0.463542
20	2.333723	0.359375	2.026459	0.524089
21	2.274336	0.366935	2.015301	0.491536
22	2.242826	0.377520	1.988305	0.485026
23	2.230709	0.395161	1.961040	0.504557
24	2.212001	0.382560	1.947273	0.490885
25	2.191347	0.380040	1.904756	0.508464
26	2.173105	0.388105	1.894211	0.520833
27	2.156579	0.389113	1.892598	0.508464
28	2.146066	0.406754	1.849477	0.522135
29	2.095425	0.407762	1.825521	0.546875
30	2.095606	0.425907	1.835662	0.510417

[test_metric]
ACC_class_level	0.193548
P_macro_class_level	0.118817
R_macro_class_level	0.193548
F1_macro_class_level	0.139785
num_classes_in_val	62
target_success_ratio_threshold	0.900000
target_success_rate_class_level	0.193548
