epoch	train_loss	train_acc	val_loss	val_acc
1	5.090732	0.025202	4.708824	0.017578
2	4.230286	0.066532	4.086344	0.095052
3	3.895657	0.083165	3.760177	0.138021
4	3.670056	0.101310	3.497533	0.199219
5	3.457647	0.122984	3.244431	0.208984
6	3.311913	0.143145	3.112799	0.220703
7	3.213581	0.153730	3.020868	0.261068
8	3.108900	0.178427	2.837137	0.339844
9	2.989226	0.207661	2.741859	0.352865
10	2.874011	0.234879	2.639595	0.380859
11	2.803956	0.232863	2.519020	0.394531
12	2.733846	0.262097	2.433201	0.399740
13	2.685817	0.267137	2.394608	0.411458
14	2.578772	0.293851	2.287513	0.436849
15	2.491057	0.316532	2.217099	0.449870
16	2.474217	0.320565	2.156936	0.462240
17	2.422484	0.329133	2.130263	0.453776
18	2.390160	0.347278	2.060141	0.498047
19	2.326993	0.352823	2.032291	0.478516
20	2.297734	0.356351	2.041715	0.468099
21	2.261520	0.369960	1.965712	0.508464
22	2.209786	0.380544	1.944197	0.516276
23	2.241922	0.369960	1.919579	0.526693
24	2.194740	0.380544	1.927151	0.523438
25	2.184100	0.378024	1.872568	0.532552
26	2.137381	0.399194	1.842721	0.542969
27	2.117610	0.398690	1.837411	0.547526
28	2.112682	0.415323	1.820489	0.541667
29	2.093770	0.411290	1.804916	0.535807
30	2.086017	0.406250	1.778341	0.558594

[test_metric]
ACC_class_level	0.225806
P_macro_class_level	0.149731
R_macro_class_level	0.225806
F1_macro_class_level	0.170430
num_classes_in_val	62
target_success_ratio_threshold	0.900000
target_success_rate_class_level	0.225806
