epoch	train_loss	train_acc	val_loss	val_acc
1	5.101422	0.014617	4.719882	0.016276
2	4.285405	0.048891	4.287273	0.115885
3	3.963259	0.076109	3.859803	0.160156
4	3.767784	0.091230	3.690069	0.136068
5	3.591331	0.102319	3.549677	0.100911
6	3.448825	0.123992	3.361642	0.152344
7	3.337326	0.137601	3.284159	0.162109
8	3.248460	0.157762	3.081576	0.233724
9	3.157079	0.158770	3.025406	0.231120
10	3.078750	0.171875	2.864690	0.340495
11	2.987003	0.202117	2.817792	0.294922
12	2.916335	0.214718	2.712856	0.369792
13	2.843074	0.231351	2.651271	0.352214
14	2.797433	0.233871	2.607216	0.334635
15	2.728353	0.264617	2.493747	0.417318
16	2.661754	0.280242	2.469009	0.382812
17	2.633444	0.274698	2.357223	0.461589
18	2.569803	0.305948	2.354723	0.422526
19	2.539529	0.313004	2.281376	0.451172
20	2.491863	0.317540	2.249748	0.458333
21	2.459202	0.323085	2.188820	0.493490
22	2.419054	0.334677	2.167301	0.468750
23	2.402854	0.337198	2.105593	0.508464
24	2.360394	0.345262	2.077443	0.513021
25	2.330193	0.353327	2.066342	0.482422
26	2.296340	0.357863	2.023885	0.521484
27	2.302892	0.354839	1.999274	0.514323
28	2.274939	0.369456	2.016635	0.512370
29	2.251983	0.367440	1.972585	0.555339
30	2.224492	0.371472	1.974129	0.509115

[test_metric]
ACC_class_level	0.161290
P_macro_class_level	0.094086
R_macro_class_level	0.161290
F1_macro_class_level	0.112135
num_classes_in_val	62
target_success_ratio_threshold	0.900000
target_success_rate_class_level	0.161290
