epoch	train_loss	train_acc	val_loss	val_acc
1	5.103055	0.027218	4.660816	0.025391
2	4.275679	0.055444	4.137019	0.093099
3	3.896513	0.078125	3.748555	0.102865
4	3.684355	0.100302	3.558237	0.143880
5	3.509291	0.098286	3.301605	0.197917
6	3.358687	0.129536	3.120221	0.264974
7	3.214591	0.148690	2.988607	0.298828
8	3.138873	0.165827	2.888445	0.344401
9	3.019725	0.195060	2.752605	0.375000
10	2.892281	0.239415	2.734350	0.305990
11	2.851749	0.234879	2.527843	0.419271
12	2.765993	0.254536	2.448085	0.438151
13	2.689603	0.280746	2.408351	0.394531
14	2.604239	0.284274	2.304257	0.462240
15	2.549885	0.309980	2.224651	0.513021
16	2.482222	0.325605	2.160802	0.498698
17	2.442951	0.343246	2.121474	0.486979
18	2.404432	0.344758	2.099518	0.482422
19	2.367777	0.349798	2.039153	0.507161
20	2.347724	0.358367	2.006974	0.533203
21	2.301800	0.371472	1.977493	0.515625
22	2.275290	0.365423	1.948383	0.495443
23	2.236428	0.369960	1.898603	0.553385
24	2.220847	0.384073	1.885033	0.557943
25	2.207914	0.366431	1.867931	0.534505
26	2.173576	0.391633	1.827819	0.576172
27	2.160583	0.389113	1.822285	0.567057
28	2.149025	0.401714	1.816528	0.569010
29	2.122640	0.404738	1.786392	0.580078
30	2.090865	0.413306	1.787205	0.557943

[test_metric]
ACC_class_level	0.209677
P_macro_class_level	0.145699
R_macro_class_level	0.209677
F1_macro_class_level	0.160753
num_classes_in_val	62
target_success_ratio_threshold	0.900000
target_success_rate_class_level	0.209677
