epoch	train_loss	train_acc	val_loss	val_acc
1	5.125629	0.020665	4.705522	0.015625
2	4.268637	0.051411	4.087414	0.082031
3	3.914581	0.076109	3.829275	0.117188
4	3.683536	0.096774	3.612090	0.142578
5	3.479035	0.119456	3.342387	0.205078
6	3.335250	0.131048	3.176523	0.236979
7	3.219351	0.165323	3.055252	0.290365
8	3.099445	0.174899	2.919704	0.309245
9	2.999598	0.200101	2.825181	0.324870
10	2.913677	0.208669	2.662766	0.379557
11	2.796518	0.263105	2.596660	0.362630
12	2.756874	0.260081	2.564475	0.367188
13	2.683212	0.284778	2.424363	0.429688
14	2.617496	0.289819	2.388957	0.388672
15	2.577817	0.306452	2.306225	0.438151
16	2.474840	0.325101	2.236881	0.467448
17	2.443049	0.342238	2.202988	0.460286
18	2.396165	0.355343	2.129579	0.468750
19	2.322591	0.353327	2.091789	0.481120
20	2.317301	0.344254	2.077773	0.450521
21	2.262359	0.384073	2.007007	0.502604
22	2.253982	0.377016	2.001468	0.488932
23	2.220531	0.383569	1.979878	0.486328
24	2.198458	0.380544	1.972847	0.487630
25	2.176166	0.388105	1.895407	0.529297
26	2.144021	0.406250	1.907849	0.498047
27	2.131326	0.398690	1.872301	0.526042
28	2.117437	0.396673	1.859363	0.511068
29	2.098751	0.410786	1.858185	0.531250
30	2.067765	0.407258	1.826567	0.532552

[test_metric]
ACC_class_level	0.161290
P_macro_class_level	0.108871
R_macro_class_level	0.161290
F1_macro_class_level	0.122043
num_classes_in_val	62
target_success_ratio_threshold	0.900000
target_success_rate_class_level	0.161290
