epoch	train_loss	train_acc	val_loss	val_acc
1	5.378317	0.166430	5.299240	0.206101
2	4.543783	0.691525	4.078824	0.710193
3	3.648489	0.863163	3.271644	0.833705
4	2.770890	0.908854	2.395029	0.881696
5	1.955913	0.951231	1.795914	0.899554
6	1.338228	0.973011	1.443773	0.905134
7	0.964205	0.982718	1.085588	0.917783
8	0.702699	0.991477	0.873929	0.937872
9	0.495125	0.996449	0.704030	0.941220
10	0.359219	0.998580	0.596150	0.944568
11	0.266476	1.000000	0.531987	0.944568
12	0.221485	1.000000	0.463264	0.954985
13	0.184796	1.000000	0.430168	0.963542
14	0.156336	1.000000	0.445213	0.956845
15	0.137933	1.000000	0.412427	0.946429
16	0.123022	1.000000	0.407717	0.953497
17	0.111984	1.000000	0.356802	0.963542
18	0.102324	1.000000	0.374864	0.950893
19	0.095358	1.000000	0.344071	0.960193
20	0.090461	1.000000	0.346142	0.960193
21	0.081413	1.000000	0.321864	0.966146
22	0.076608	1.000000	0.336939	0.956845
23	0.073953	1.000000	0.306613	0.960938
24	0.070899	1.000000	0.336416	0.958705
25	0.066752	1.000000	0.292472	0.960938
26	0.063789	1.000000	0.294761	0.960193
27	0.061907	1.000000	0.296843	0.962798
28	0.058962	1.000000	0.314560	0.956101
29	0.057003	1.000000	0.304027	0.962054
30	0.054761	1.000000	0.287446	0.962798

[test_metric]
ACC_class_level	0.862069
P_macro_class_level	0.825671
R_macro_class_level	0.862069
F1_macro_class_level	0.837165
num_classes_in_val	87
target_success_ratio_threshold	0.900000
target_success_rate_class_level	0.862069
