epoch	train_loss	train_acc	val_loss	val_acc
1	5.351582	0.177083	5.325703	0.071801
2	4.495897	0.678504	4.138750	0.715402
3	3.619743	0.844223	3.187764	0.803571
4	2.774091	0.892756	2.469253	0.850074
5	1.957514	0.933949	1.770734	0.901414
6	1.355349	0.964725	1.390224	0.920387
7	0.984579	0.980114	1.081617	0.930060
8	0.702447	0.990767	0.900373	0.939360
9	0.511923	0.998580	0.729270	0.947173
10	0.380178	0.998580	0.593207	0.946429
11	0.277587	1.000000	0.497856	0.954985
12	0.225070	1.000000	0.472844	0.960193
13	0.195423	1.000000	0.441915	0.962798
14	0.162501	1.000000	0.428726	0.954985
15	0.136485	1.000000	0.384968	0.957589
16	0.121778	1.000000	0.382691	0.950893
17	0.109522	1.000000	0.367847	0.950893
18	0.102053	1.000000	0.411064	0.941592
19	0.094561	1.000000	0.345102	0.956845
20	0.087083	1.000000	0.325900	0.960193
21	0.079931	1.000000	0.311206	0.963542
22	0.076849	1.000000	0.334628	0.956845
23	0.072249	1.000000	0.309555	0.962798
24	0.069759	1.000000	0.297702	0.962798
25	0.066213	1.000000	0.317044	0.953497
26	0.063854	1.000000	0.286605	0.963542
27	0.063616	1.000000	0.286308	0.966146
28	0.063206	1.000000	0.274110	0.966146
29	0.057221	1.000000	0.287560	0.960193
30	0.055894	1.000000	0.309852	0.948289

[test_metric]
ACC_class_level	0.873563
P_macro_class_level	0.819923
R_macro_class_level	0.873563
F1_macro_class_level	0.837165
num_classes_in_val	87
target_success_ratio_threshold	0.900000
target_success_rate_class_level	0.873563
