epoch	train_loss	train_acc	val_loss	val_acc
1	5.300710	0.225616	5.376252	0.106399
2	4.408573	0.708333	4.183117	0.683780
3	3.515419	0.868134	3.047573	0.844122
4	2.657385	0.921165	2.360463	0.893601
5	1.860203	0.956203	1.858534	0.922247
6	1.273825	0.975142	1.343066	0.941964
7	0.893602	0.982008	1.019767	0.960937
8	0.621690	0.992898	0.795232	0.963542
9	0.451493	0.998580	0.624053	0.964658
10	0.321814	0.999290	0.511470	0.979167
11	0.241649	1.000000	0.486544	0.954613
12	0.199864	1.000000	0.393409	0.975818
13	0.171071	1.000000	0.349983	0.973214
14	0.152267	1.000000	0.357814	0.969866
15	0.133940	1.000000	0.328719	0.976562
16	0.114693	1.000000	0.308400	0.975818
17	0.102965	1.000000	0.304067	0.978423
18	0.097350	1.000000	0.281634	0.978423
19	0.088103	1.000000	0.266745	0.978423
20	0.082679	1.000000	0.252307	0.981771
21	0.077006	1.000000	0.266999	0.975074
22	0.073643	1.000000	0.234956	0.981771
23	0.069137	1.000000	0.235064	0.981771
24	0.066064	1.000000	0.265502	0.969122
25	0.062058	1.000000	0.230425	0.981771
26	0.062845	1.000000	0.216094	0.981771
27	0.058733	1.000000	0.229364	0.978423
28	0.056596	1.000000	0.209258	0.981771
29	0.054713	1.000000	0.210163	0.981771
30	0.053110	1.000000	0.207794	0.981771

[test_metric]
ACC_class_level	0.931034
P_macro_class_level	0.908046
R_macro_class_level	0.931035
F1_macro_class_level	0.915709
num_classes_in_val	87
target_success_ratio_threshold	0.900000
target_success_rate_class_level	0.931034
