epoch	train_loss	train_acc	val_loss	val_acc
1	5.302047	0.226799	5.221937	0.284598
2	4.426679	0.697680	4.276612	0.593750
3	3.545662	0.841383	3.278166	0.841518
4	2.687762	0.901752	2.338765	0.861607
5	1.895329	0.939867	1.741694	0.913690
6	1.299603	0.967330	1.290353	0.938616
7	0.923924	0.981534	0.999269	0.952381
8	0.655639	0.990767	0.799846	0.949033
9	0.470532	0.997869	0.635553	0.963542
10	0.343739	0.998580	0.526435	0.963542
11	0.257916	0.999290	0.430062	0.973958
12	0.207032	1.000000	0.374679	0.970610
13	0.173351	1.000000	0.360793	0.969866
14	0.149510	1.000000	0.314693	0.973958
15	0.132823	1.000000	0.319858	0.973214
16	0.118880	1.000000	0.293126	0.968006
17	0.107202	1.000000	0.270741	0.968006
18	0.096381	1.000000	0.256385	0.976562
19	0.088495	1.000000	0.249049	0.973958
20	0.083950	1.000000	0.248954	0.968006
21	0.076550	1.000000	0.238227	0.973958
22	0.072374	1.000000	0.241689	0.976562
23	0.068316	1.000000	0.226038	0.968006
24	0.067076	1.000000	0.241187	0.967262
25	0.063292	1.000000	0.214385	0.973958
26	0.060886	1.000000	0.208573	0.976562
27	0.058127	1.000000	0.206529	0.973958
28	0.056774	1.000000	0.205638	0.976562
29	0.055695	1.000000	0.212144	0.970610
30	0.054099	1.000000	0.211651	0.976562

[test_metric]
ACC_class_level	0.896552
P_macro_class_level	0.850575
R_macro_class_level	0.896552
F1_macro_class_level	0.865900
num_classes_in_val	87
target_success_ratio_threshold	0.900000
target_success_rate_class_level	0.896552
