epoch	train_loss	train_acc	val_loss	val_acc
1	5.371158	0.178504	5.251083	0.140253
2	4.503348	0.686553	3.922070	0.774182
3	3.606078	0.850852	3.125479	0.813244
4	2.728978	0.909801	2.455749	0.865699
5	1.921339	0.947917	1.637455	0.921131
6	1.317005	0.975616	1.287852	0.914435
7	0.931980	0.990057	0.950739	0.942708
8	0.667449	0.994555	0.799098	0.954985
9	0.489561	1.000000	0.656764	0.957589
10	0.346973	1.000000	0.545007	0.956845
11	0.262402	1.000000	0.454812	0.954985
12	0.217748	1.000000	0.432910	0.968750
13	0.180829	1.000000	0.403913	0.956101
14	0.157755	1.000000	0.369268	0.960193
15	0.133244	1.000000	0.343952	0.963542
16	0.120869	1.000000	0.330039	0.957589
17	0.109680	1.000000	0.327437	0.956845
18	0.100759	1.000000	0.332834	0.953497
19	0.092113	1.000000	0.285512	0.963542
20	0.086358	1.000000	0.282529	0.960193
21	0.080761	1.000000	0.274491	0.965402
22	0.078151	1.000000	0.256109	0.963542
23	0.072646	1.000000	0.255780	0.968750
24	0.067073	1.000000	0.256086	0.966146
25	0.066480	1.000000	0.280410	0.956101
26	0.063073	1.000000	0.255132	0.960193
27	0.063474	1.000000	0.264295	0.956845
28	0.059134	1.000000	0.266584	0.956845
29	0.058283	1.000000	0.255164	0.962798
30	0.056879	1.000000	0.234019	0.963542

[test_metric]
ACC_class_level	0.896552
P_macro_class_level	0.850575
R_macro_class_level	0.896552
F1_macro_class_level	0.865900
num_classes_in_val	87
target_success_ratio_threshold	0.900000
target_success_rate_class_level	0.896552
