epoch	train_loss	train_acc	val_loss	val_acc
1	5.070425	0.007812	4.628796	0.010417
2	4.626120	0.002841	4.517814	0.013765
3	4.555713	0.007813	4.502886	0.010417
4	4.546009	0.006392	4.486349	0.013765
5	4.541419	0.006392	4.485060	0.010417
6	4.518875	0.005208	4.478025	0.010417
7	4.512739	0.009470	4.475923	0.010417
8	4.513034	0.009233	4.478602	0.010417
9	4.509553	0.008759	4.478865	0.010417
10	4.507853	0.007812	4.476418	0.013765
11	4.500076	0.003551	4.475549	0.013765
12	4.502139	0.008523	4.473661	0.013765
13	4.501527	0.005919	4.475216	0.010417
14	4.500348	0.008523	4.472246	0.010417
15	4.495251	0.006392	4.473284	0.013765
16	4.491982	0.004261	4.469933	0.010417
17	4.489078	0.009233	4.468097	0.010417
18	4.492013	0.003551	4.470314	0.010417
19	4.488626	0.006629	4.470520	0.010417
20	4.489191	0.007813	4.471361	0.010417
21	4.483545	0.009943	4.469021	0.010417
22	4.485707	0.007576	4.471420	0.010417
23	4.488190	0.010653	4.469971	0.010417
24	4.482287	0.009233	4.469301	0.010417
25	4.483507	0.008523	4.469364	0.010417
26	4.481454	0.014441	4.469913	0.010417
27	4.479609	0.009943	4.467886	0.010417
28	4.476490	0.011364	4.468612	0.010417
29	4.477605	0.012074	4.468232	0.010417
30	4.479172	0.006392	4.468059	0.017113

[test_metric]
ACC_class_level	0.011494
P_macro_class_level	0.000132
R_macro_class_level	0.011494
F1_macro_class_level	0.000261
num_classes_in_val	87
target_success_ratio_threshold	0.900000
target_success_rate_class_level	0.011494
