epoch	train_loss	train_acc	val_loss	val_acc
1	5.064777	0.007812	4.630538	0.010417
2	4.615812	0.009233	4.516095	0.010417
3	4.562685	0.015152	4.496197	0.013765
4	4.549958	0.008523	4.487383	0.013765
5	4.537910	0.008049	4.488708	0.010417
6	4.522762	0.004261	4.479634	0.010417
7	4.510764	0.008286	4.477158	0.010417
8	4.510399	0.008523	4.477279	0.010417
9	4.516036	0.004972	4.477610	0.010417
10	4.506989	0.008523	4.476694	0.013765
11	4.498167	0.009943	4.473915	0.010417
12	4.498646	0.009943	4.472839	0.013765
13	4.500441	0.006392	4.474470	0.010417
14	4.496132	0.005919	4.473217	0.013765
15	4.495697	0.012784	4.471006	0.013765
16	4.491297	0.008049	4.470326	0.010417
17	4.489969	0.010653	4.469144	0.013765
18	4.488879	0.014915	4.470596	0.010417
19	4.490421	0.007102	4.471614	0.010417
20	4.489323	0.005682	4.469496	0.013765
21	4.485285	0.011837	4.471038	0.010417
22	4.482093	0.009233	4.469536	0.013765
23	4.483085	0.010653	4.469113	0.010417
24	4.479252	0.011600	4.467807	0.010417
25	4.485660	0.006392	4.469716	0.010417
26	4.477213	0.010890	4.468802	0.010417
27	4.477039	0.010180	4.468687	0.010417
28	4.480376	0.013494	4.469575	0.010417
29	4.481352	0.005682	4.467594	0.010417
30	4.480348	0.007102	4.467923	0.013765

[test_metric]
ACC_class_level	0.011494
P_macro_class_level	0.000132
R_macro_class_level	0.011494
F1_macro_class_level	0.000261
num_classes_in_val	87
target_success_ratio_threshold	0.900000
target_success_rate_class_level	0.011494
