epoch	train_loss	train_acc	val_loss	val_acc
1	5.046284	0.004261	4.631292	0.010417
2	4.605595	0.005682	4.522309	0.010417
3	4.559113	0.004261	4.492125	0.010417
4	4.541828	0.007102	4.486593	0.010417
5	4.544371	0.002131	4.481675	0.010417
6	4.518525	0.008523	4.477917	0.013765
7	4.516271	0.009233	4.477574	0.010417
8	4.512636	0.008523	4.477762	0.010417
9	4.512516	0.007102	4.478168	0.010417
10	4.512595	0.007812	4.475499	0.013765
11	4.503507	0.006629	4.473450	0.010417
12	4.498505	0.007813	4.472136	0.017113
13	4.495668	0.004972	4.473086	0.010417
14	4.498197	0.009233	4.472635	0.010417
15	4.495772	0.005682	4.473473	0.010417
16	4.489460	0.006392	4.468963	0.010417
17	4.491255	0.007812	4.469560	0.010417
18	4.487895	0.007102	4.469136	0.010417
19	4.488632	0.004972	4.469101	0.013765
20	4.489149	0.009233	4.470946	0.010417
21	4.478940	0.011600	4.468255	0.010417
22	4.481019	0.009233	4.469855	0.010417
23	4.487047	0.009233	4.468190	0.013765
24	4.480901	0.009943	4.468324	0.013765
25	4.479594	0.010653	4.468824	0.010417
26	4.476020	0.012311	4.468590	0.010417
27	4.480866	0.007102	4.468202	0.016369
28	4.479553	0.007812	4.468544	0.010417
29	4.475710	0.008523	4.466553	0.010417
30	4.479174	0.010653	4.467213	0.026042

[test_metric]
ACC_class_level	0.022989
P_macro_class_level	0.000658
R_macro_class_level	0.022989
F1_macro_class_level	0.001279
num_classes_in_val	87
target_success_ratio_threshold	0.900000
target_success_rate_class_level	0.022989
