epoch	train_loss	train_acc	val_loss	val_acc
1	5.056974	0.005682	4.613147	0.010417
2	4.614396	0.004261	4.513867	0.010417
3	4.557050	0.009233	4.494892	0.010417
4	4.552108	0.005682	4.491599	0.013765
5	4.541981	0.004972	4.482006	0.013765
6	4.523057	0.008049	4.479525	0.010417
7	4.513066	0.003551	4.480915	0.010417
8	4.518487	0.008049	4.478192	0.013765
9	4.516947	0.007812	4.477794	0.010417
10	4.509295	0.007102	4.476370	0.010417
11	4.499416	0.008523	4.474584	0.010417
12	4.502720	0.008523	4.475194	0.010417
13	4.498374	0.009233	4.470906	0.010417
14	4.494176	0.005682	4.474030	0.024182
15	4.497048	0.003551	4.474627	0.010417
16	4.486803	0.010890	4.469845	0.010417
17	4.491242	0.009233	4.468622	0.010417
18	4.489574	0.003551	4.469912	0.010417
19	4.489632	0.014205	4.471066	0.010417
20	4.490994	0.013021	4.470449	0.010417
21	4.484187	0.008759	4.468830	0.013765
22	4.484139	0.007102	4.467501	0.010417
23	4.483647	0.007102	4.468863	0.010417
24	4.481246	0.007102	4.468676	0.010417
25	4.480597	0.004261	4.468379	0.013765
26	4.484152	0.013494	4.468474	0.013765
27	4.480946	0.008523	4.468639	0.010417
28	4.485380	0.009943	4.468614	0.010417
29	4.479779	0.008523	4.467209	0.010417
30	4.479749	0.008523	4.467930	0.010417

[test_metric]
ACC_class_level	0.022989
P_macro_class_level	0.000576
R_macro_class_level	0.022989
F1_macro_class_level	0.001122
num_classes_in_val	87
target_success_ratio_threshold	0.900000
target_success_rate_class_level	0.022989
