epoch	train_loss	train_acc	val_loss	val_acc
1	5.052857	0.006392	4.617427	0.013765
2	4.601489	0.010890	4.530099	0.010417
3	4.554838	0.004972	4.499438	0.010417
4	4.556896	0.005682	4.492984	0.010417
5	4.537171	0.005919	4.489113	0.013765
6	4.518559	0.009470	4.481353	0.010417
7	4.512806	0.005682	4.478167	0.010417
8	4.512229	0.007812	4.475145	0.013765
9	4.515058	0.007339	4.478151	0.010417
10	4.507288	0.005919	4.478324	0.010417
11	4.499347	0.007102	4.474591	0.013765
12	4.499082	0.009470	4.474661	0.010417
13	4.498604	0.005682	4.470976	0.010417
14	4.496892	0.006392	4.472763	0.010417
15	4.497291	0.011364	4.472954	0.010417
16	4.492921	0.007812	4.471655	0.013765
17	4.486690	0.008523	4.473790	0.010417
18	4.487734	0.009233	4.469601	0.010417
19	4.490494	0.008049	4.469324	0.013765
20	4.490608	0.011364	4.472217	0.010417
21	4.477989	0.012074	4.469812	0.010417
22	4.482224	0.005682	4.467407	0.013765
23	4.484484	0.011364	4.468593	0.021577
24	4.480861	0.008523	4.469207	0.010417
25	4.482775	0.007812	4.467837	0.010417
26	4.479794	0.007813	4.468159	0.010417
27	4.480052	0.010890	4.468583	0.010417
28	4.479889	0.009233	4.468007	0.018973
29	4.478642	0.013494	4.467238	0.013765
30	4.477026	0.010180	4.467329	0.010417

[test_metric]
ACC_class_level	0.011494
P_macro_class_level	0.000134
R_macro_class_level	0.011494
F1_macro_class_level	0.000264
num_classes_in_val	87
target_success_ratio_threshold	0.900000
target_success_rate_class_level	0.011494
