epoch	train_loss	train_acc	val_loss	val_acc
1	12.061732	0.016572	3.947827	0.051711
2	10.035082	0.088068	2.980246	0.217262
3	8.179251	0.253078	2.399483	0.310640
4	6.676186	0.436553	1.631207	0.562128
5	5.335885	0.623580	1.159648	0.657366
6	4.211978	0.782197	0.805185	0.751860
7	3.505606	0.870502	0.562698	0.872768
8	3.040037	0.906013	0.452310	0.869420
9	2.526419	0.942708	0.429604	0.902158
10	2.190686	0.960464	0.386486	0.904018
11	1.833530	0.986269	0.285934	0.933408
12	1.635346	0.992898	0.311584	0.923363
13	1.486471	0.996922	0.237220	0.944568
14	1.380936	0.998580	0.275978	0.949777
15	1.306703	1.000000	0.227566	0.953125
16	1.245230	0.999290	0.224625	0.944568
17	1.213719	0.998580	0.277383	0.939732
18	1.184601	0.999290	0.246536	0.944940
19	1.154525	0.998580	0.216619	0.958333
20	1.132923	1.000000	0.229094	0.957589
21	1.104079	1.000000	0.214935	0.958333
22	1.090219	1.000000	0.224821	0.957589
23	1.076239	1.000000	0.215801	0.955729
24	1.064433	1.000000	0.238631	0.950893
25	1.053533	1.000000	0.242638	0.954241
26	1.044500	1.000000	0.211140	0.960938
27	1.037604	1.000000	0.243672	0.951637
28	1.031304	1.000000	0.239992	0.951637
29	1.025146	1.000000	0.212069	0.954985
30	1.019992	1.000000	0.254849	0.945685

[test_metric]
ACC_sample_level	0.956897
P_macro_sample_level	0.965134
R_macro_sample_level	0.956897
F1_macro_sample_level	0.956012
num_classes_in_val	87
num_samples_in_val	348
