epoch	train_loss	train_acc	val_loss	val_acc
1	12.181598	0.014915	4.029864	0.031250
2	9.939204	0.092803	2.896855	0.182292
3	8.092451	0.227509	2.204160	0.313244
4	6.674821	0.391809	1.620430	0.510417
5	5.422264	0.595170	1.193793	0.623884
6	4.331184	0.751420	0.683937	0.852679
7	3.461946	0.862453	0.506776	0.866815
8	2.911666	0.910748	0.443921	0.870536
9	2.553176	0.922585	0.321868	0.930804
10	2.143262	0.964962	0.313827	0.904018
11	1.903589	0.974669	0.286218	0.938616
12	1.663563	0.986269	0.184286	0.953125
13	1.502097	0.992898	0.183240	0.956845
14	1.372066	0.998580	0.164646	0.950521
15	1.289367	1.000000	0.163899	0.956845
16	1.227686	0.999290	0.150124	0.962798
17	1.185634	1.000000	0.157326	0.957589
18	1.155217	1.000000	0.168154	0.962798
19	1.129960	1.000000	0.149200	0.960193
20	1.104954	1.000000	0.151430	0.959449
21	1.083428	1.000000	0.139014	0.962798
22	1.069267	1.000000	0.133892	0.960938
23	1.056501	1.000000	0.130791	0.966146
24	1.044609	1.000000	0.128072	0.968750
25	1.034558	1.000000	0.135517	0.960193
26	1.023999	1.000000	0.132558	0.962798
27	1.016998	1.000000	0.152032	0.962054
28	1.010508	1.000000	0.130284	0.966146
29	1.004992	1.000000	0.151936	0.964658
30	0.999845	1.000000	0.125061	0.966146

[test_metric]
ACC_sample_level	0.965517
P_macro_sample_level	0.971319
R_macro_sample_level	0.965517
F1_macro_sample_level	0.963660
num_classes_in_val	87
num_samples_in_val	348
