epoch	train_loss	train_acc	val_loss	val_acc
1	12.215919	0.010180	4.015789	0.029390
2	10.342916	0.062500	3.116248	0.146205
3	8.834461	0.150805	2.476224	0.248884
4	7.401770	0.305871	1.951084	0.402158
5	6.312922	0.466856	1.711563	0.431920
6	5.379650	0.574811	1.077641	0.671131
7	4.326972	0.769176	0.717089	0.806548
8	3.521102	0.861032	0.493186	0.866071
9	2.936660	0.919508	0.408976	0.881696
10	2.584711	0.924716	0.354643	0.883557
11	2.168738	0.964252	0.257627	0.931548
12	1.866141	0.986032	0.230930	0.934896
13	1.694335	0.992898	0.187540	0.960938
14	1.540308	0.995028	0.206180	0.941964
15	1.427102	0.996449	0.195234	0.949777
16	1.340828	0.998580	0.177119	0.955729
17	1.276388	1.000000	0.179147	0.954241
18	1.232633	1.000000	0.185428	0.957589
19	1.199327	1.000000	0.161299	0.960937
20	1.164306	1.000000	0.200725	0.951637
21	1.137333	1.000000	0.162777	0.954985
22	1.116228	1.000000	0.192105	0.947545
23	1.099017	1.000000	0.193405	0.958705
24	1.084014	1.000000	0.186499	0.956845
25	1.070551	1.000000	0.182506	0.956101
26	1.058065	1.000000	0.168069	0.956101
27	1.048667	1.000000	0.158968	0.959449
28	1.040528	1.000000	0.158581	0.962798
29	1.033323	1.000000	0.153388	0.966146
30	1.025960	1.000000	0.160578	0.956845

[test_metric]
ACC_sample_level	0.962644
P_macro_sample_level	0.967433
R_macro_sample_level	0.962644
F1_macro_sample_level	0.961777
num_classes_in_val	87
num_samples_in_val	348
