epoch	train_loss	train_acc	val_loss	val_acc
1	12.114755	0.010653	4.017319	0.042411
2	9.784126	0.125473	2.764669	0.253348
3	7.513535	0.383286	1.876789	0.470238
4	5.968366	0.566998	1.212074	0.652158
5	4.792550	0.684896	0.922518	0.745164
6	3.766017	0.829545	0.727322	0.777902
7	3.160902	0.897254	0.518907	0.866815
8	2.624396	0.935133	0.583581	0.822545
9	2.369985	0.935133	0.514145	0.862723
10	2.042925	0.956439	0.431554	0.861235
11	1.732884	0.986269	0.329185	0.902530
12	1.534622	0.995739	0.285147	0.926339
13	1.414257	0.997869	0.294837	0.922991
14	1.327757	0.999290	0.273440	0.934152
15	1.260452	1.000000	0.287454	0.927455
16	1.207101	1.000000	0.257121	0.930804
17	1.174318	1.000000	0.284688	0.928199
18	1.145004	1.000000	0.236782	0.937500
19	1.121533	1.000000	0.252657	0.934152
20	1.100538	1.000000	0.299562	0.935268
21	1.083057	1.000000	0.243224	0.936012
22	1.067905	1.000000	0.234687	0.942708
23	1.057237	1.000000	0.257862	0.936012
24	1.046597	1.000000	0.236032	0.936756
25	1.037211	1.000000	0.254089	0.941220
26	1.028123	1.000000	0.286762	0.932664
27	1.021656	1.000000	0.246027	0.944568
28	1.015413	1.000000	0.244519	0.941220
29	1.009670	1.000000	0.280536	0.943080
30	1.004549	1.000000	0.249444	0.943824

[test_metric]
ACC_sample_level	0.942529
P_macro_sample_level	0.956130
R_macro_sample_level	0.942529
F1_macro_sample_level	0.940348
num_classes_in_val	87
num_samples_in_val	348
