epoch	train_loss	train_acc	val_loss	val_acc
1	11.647702	0.030777	3.545947	0.082961
2	9.016669	0.154356	2.419400	0.318080
3	7.056091	0.416430	1.541803	0.622768
4	5.409303	0.666193	0.998216	0.768973
5	4.271706	0.795455	0.673448	0.823289
6	3.253884	0.907197	0.416124	0.911830
7	2.656455	0.939631	0.422049	0.878348
8	2.232478	0.974669	0.272183	0.947917
9	1.903250	0.986506	0.279092	0.932664
10	1.656851	0.995028	0.221516	0.938616
11	1.482052	0.996449	0.195811	0.946429
12	1.362216	0.998580	0.203505	0.943080
13	1.274277	1.000000	0.176393	0.954985
14	1.215638	1.000000	0.192720	0.943824
15	1.164303	1.000000	0.172566	0.947173
16	1.127311	1.000000	0.197472	0.942336
17	1.102264	1.000000	0.156073	0.953125
18	1.081543	1.000000	0.170882	0.954985
19	1.065643	1.000000	0.173250	0.949033
20	1.050092	1.000000	0.161788	0.954985
21	1.035309	1.000000	0.154023	0.955729
22	1.025280	1.000000	0.173049	0.943824
23	1.016755	1.000000	0.193780	0.938988
24	1.008684	1.000000	0.162711	0.949033
25	1.001237	1.000000	0.177366	0.935268
26	0.994170	1.000000	0.163416	0.941964
27	0.988645	1.000000	0.180439	0.934524
28	0.984066	1.000000	0.155456	0.947917
29	0.979621	1.000000	0.156825	0.947173
30	0.975888	1.000000	0.185750	0.934524

[test_metric]
ACC_sample_level	0.951149
P_macro_sample_level	0.960974
R_macro_sample_level	0.951149
F1_macro_sample_level	0.950122
num_classes_in_val	87
num_samples_in_val	348
