epoch	train_loss	train_acc	val_loss	val_acc
1	16.113349	0.065524	2.912241	0.161458
2	12.890333	0.215222	2.282805	0.300781
3	10.670230	0.403226	1.536261	0.541016
4	8.323884	0.635081	1.065074	0.697266
5	7.054867	0.703125	1.098486	0.686849
6	5.337367	0.827117	0.798849	0.792318
7	4.115832	0.903226	0.765958	0.837240
8	3.299950	0.929940	0.864027	0.817057
9	2.758140	0.951613	0.705780	0.857422
10	2.482156	0.951109	0.810528	0.834635
11	2.023775	0.978831	0.650003	0.889323
12	1.627580	0.992944	0.625991	0.893880
13	1.443530	0.997480	0.651615	0.896484
14	1.314997	0.999496	0.643039	0.893880
15	1.230446	1.000000	0.625941	0.889974
16	1.176744	1.000000	0.630302	0.888672
17	1.143837	1.000000	0.649993	0.895833
18	1.116048	1.000000	0.636589	0.898438
19	1.091738	1.000000	0.653247	0.891927
20	1.069894	1.000000	0.651676	0.901693

[test_metric]
ACC_class_level	0.951613
P_macro_class_level	0.927419
R_macro_class_level	0.951613
F1_macro_class_level	0.935484
num_classes_in_val	62
target_success_ratio_threshold	0.700000
target_success_rate_class_level	0.951613
