epoch	train_loss	train_acc	val_loss	val_acc
1	12.373426	0.101815	2.588669	0.252604
2	8.813864	0.368952	1.685839	0.505859
3	6.721132	0.583669	1.184965	0.660156
4	5.213404	0.735887	0.798026	0.749349
5	3.850312	0.845262	0.672020	0.807292
6	2.810453	0.927923	0.476180	0.869141
7	2.203243	0.961694	0.515210	0.855469
8	1.780784	0.983871	0.408631	0.901693
9	1.616232	0.986391	0.515586	0.869792
10	1.509265	0.987399	0.510753	0.880208
11	1.396570	0.993952	0.431688	0.894531
12	1.241141	0.998488	0.420028	0.895182
13	1.178451	1.000000	0.421074	0.906250
14	1.139610	0.999496	0.395463	0.908203
15	1.104497	1.000000	0.408228	0.904297
16	1.080789	1.000000	0.382108	0.906901
17	1.064528	1.000000	0.365190	0.910807
18	1.049931	1.000000	0.372541	0.909505
19	1.037919	1.000000	0.348111	0.916016
20	1.026781	1.000000	0.359318	0.914062

[test_metric]
ACC_class_level	0.935484
P_macro_class_level	0.903226
R_macro_class_level	0.935484
F1_macro_class_level	0.913979
num_classes_in_val	62
target_success_ratio_threshold	0.700000
target_success_rate_class_level	0.935484
