epoch	train_loss	train_acc	val_loss	val_acc
1	17.347290	0.069052	2.852786	0.126302
2	13.923487	0.215222	2.115769	0.327474
3	11.560072	0.393145	1.603640	0.478516
4	8.983898	0.654234	0.937178	0.733724
5	7.082549	0.748488	0.873917	0.733073
6	5.380233	0.855343	0.595704	0.856120
7	4.082113	0.918347	0.571725	0.838542
8	3.374013	0.932964	0.552608	0.880859
9	2.696932	0.962198	0.562852	0.872396
10	2.379265	0.960685	0.585756	0.871094
11	2.039376	0.973286	0.520082	0.879557
12	1.676945	0.989919	0.455465	0.920573
13	1.468338	0.998488	0.447756	0.914062
14	1.340150	1.000000	0.447564	0.918620
15	1.246969	1.000000	0.454855	0.918620
16	1.195064	1.000000	0.459260	0.921224
17	1.161880	1.000000	0.476355	0.919271
18	1.133649	1.000000	0.449065	0.921224
19	1.108280	1.000000	0.461700	0.919271
20	1.085791	1.000000	0.467430	0.915365

[test_metric]
ACC_class_level	0.983871
P_macro_class_level	0.975806
R_macro_class_level	0.983871
F1_macro_class_level	0.978495
num_classes_in_val	62
target_success_ratio_threshold	0.700000
target_success_rate_class_level	0.983871
