epoch	train_loss	train_acc	val_loss	val_acc
1	16.018282	0.030746	3.505759	0.055990
2	12.904426	0.103327	2.624083	0.199870
3	10.715791	0.267137	2.036379	0.341797
4	9.055202	0.413306	1.559202	0.476562
5	7.364252	0.586694	1.139930	0.662109
6	5.549072	0.772177	0.803350	0.770182
7	4.321123	0.863407	0.628166	0.819010
8	3.506720	0.891129	0.638617	0.822266
9	3.011178	0.909778	0.662884	0.840495
10	2.835930	0.908770	0.590251	0.853516
11	2.142419	0.958165	0.488906	0.876302
12	1.687038	0.988407	0.506313	0.867839
13	1.507532	0.993952	0.542577	0.867839
14	1.377667	0.995968	0.513872	0.877604
15	1.277361	0.998992	0.483102	0.878255
16	1.215705	1.000000	0.488680	0.882161
17	1.178473	1.000000	0.479361	0.884115
18	1.148540	1.000000	0.493128	0.882161
19	1.124556	1.000000	0.481550	0.883464
20	1.102339	1.000000	0.481336	0.890625

[test_metric]
ACC_class_level	0.951613
P_macro_class_level	0.935484
R_macro_class_level	0.951613
F1_macro_class_level	0.940860
num_classes_in_val	62
target_success_ratio_threshold	0.700000
target_success_rate_class_level	0.951613
