epoch	train_loss	train_acc	val_loss	val_acc
1	17.742257	0.025202	3.505504	0.078776
2	14.575964	0.095766	2.903778	0.132812
3	12.864304	0.153226	2.586721	0.207031
4	11.849754	0.225302	2.170470	0.298177
5	10.382524	0.350806	1.681968	0.449219
6	8.604413	0.563508	1.391835	0.570964
7	7.121206	0.679435	1.063713	0.680339
8	6.043477	0.761593	0.851197	0.742188
9	5.054925	0.804435	0.805712	0.770182
10	4.116666	0.868952	0.708104	0.795573
11	3.247586	0.920363	0.744710	0.811849
12	2.732323	0.948085	0.721969	0.827474
13	2.374389	0.963710	0.688587	0.848958
14	2.123189	0.970766	0.791690	0.830729
15	1.948697	0.975806	0.699274	0.850260
16	1.696808	0.988911	0.663031	0.846354
17	1.474427	0.992944	0.614924	0.860026
18	1.360928	0.997480	0.600494	0.858724
19	1.308968	0.997480	0.639523	0.867188
20	1.260563	0.998488	0.660280	0.862630

[test_metric]
ACC_class_level	0.854839
P_macro_class_level	0.799731
R_macro_class_level	0.854839
F1_macro_class_level	0.815592
num_classes_in_val	62
target_success_ratio_threshold	0.700000
target_success_rate_class_level	0.854839
