epoch	train_loss	train_acc	val_loss	val_acc
1	8.332021	0.177707	2.230328	0.546007
2	3.794048	0.841109	0.337235	0.951563
3	2.388189	0.968970	0.122523	0.977517
4	1.858046	0.988336	0.085976	0.981076
5	1.621985	0.992628	0.074503	0.982118
6	1.481797	0.992738	0.054621	0.987153
7	1.344822	0.996369	0.046440	0.990451
8	1.267114	0.996699	0.045463	0.990451
9	1.207720	0.997689	0.045649	0.989149
10	1.283649	0.990647	0.074490	0.980295

[test_metric]
ACC_sample_level	0.990248
P_macro_sample_level	0.991970
R_macro_sample_level	0.990248
F1_macro_sample_level	0.990116
num_classes_in_val	282
num_samples_in_val	2256
