epoch	train_loss	train_acc	val_loss	val_acc
1	9.269730	0.040933	3.362234	0.233247
2	4.927533	0.637764	0.555789	0.928125
3	2.590153	0.959727	0.177452	0.966059
4	2.018051	0.982945	0.075371	0.983247
5	1.681393	0.991747	0.056708	0.986892
6	1.486675	0.994058	0.049170	0.985677
7	1.388159	0.996479	0.048341	0.989149
8	1.301045	0.997139	0.044628	0.990191
9	1.235965	0.997359	0.044295	0.990017
10	1.187034	0.997469	0.041428	0.990799

[test_metric]
ACC_sample_level	0.991135
P_macro_sample_level	0.992608
R_macro_sample_level	0.991135
F1_macro_sample_level	0.990798
num_classes_in_val	282
num_samples_in_val	2256
