epoch	train_loss	train_acc	val_loss	val_acc
1	8.503418	0.147337	2.274695	0.580469
2	3.854603	0.842980	0.308197	0.963628
3	2.346593	0.975022	0.119060	0.977431
4	1.836032	0.991857	0.079642	0.982726
5	1.564555	0.993948	0.049658	0.986111
6	1.401602	0.996699	0.047587	0.987153
7	1.307714	0.997139	0.042184	0.990017
8	1.241514	0.996699	0.041238	0.989757
9	1.206798	0.996149	0.044599	0.988021
10	1.161008	0.997359	0.040391	0.987153

[test_metric]
ACC_sample_level	0.989805
P_macro_sample_level	0.991342
R_macro_sample_level	0.989805
F1_macro_sample_level	0.989529
num_classes_in_val	282
num_samples_in_val	2256
