epoch	train_loss	train_acc	val_loss	val_acc
1	9.203411	0.062170	3.138560	0.354340
2	4.585851	0.695533	0.537381	0.922396
3	2.515831	0.959617	0.122354	0.979774
4	1.913963	0.988336	0.066837	0.988281
5	1.634792	0.994278	0.054251	0.988455
6	1.459594	0.997029	0.046271	0.987847
7	1.355730	0.998129	0.049252	0.985590
8	1.298323	0.996699	0.043913	0.987587
9	1.224404	0.997359	0.044787	0.989497
10	1.175089	0.997799	0.045341	0.989497

[test_metric]
ACC_sample_level	0.989805
P_macro_sample_level	0.990652
R_macro_sample_level	0.989805
F1_macro_sample_level	0.989695
num_classes_in_val	282
num_samples_in_val	2256
