epoch	train_loss	train_acc	val_loss	val_acc
1	8.934683	0.102773	2.846044	0.442187
2	4.337448	0.765075	0.443064	0.929253
3	2.521800	0.960827	0.170372	0.963455
4	1.950324	0.986136	0.093360	0.980903
5	1.701716	0.989877	0.174115	0.954514
6	1.594910	0.990207	0.080725	0.981337
7	1.438897	0.994278	0.072228	0.983681
8	1.337800	0.995489	0.100815	0.978038
9	1.279940	0.995268	0.073888	0.982205
10	1.212002	0.996919	0.076093	0.982378

[test_metric]
ACC_sample_level	0.983599
P_macro_sample_level	0.982921
R_macro_sample_level	0.983599
F1_macro_sample_level	0.982114
num_classes_in_val	282
num_samples_in_val	2256
