epoch	train_loss	train_acc	val_loss	val_acc
1	8.420734	0.030540	3.498222	0.097842
2	6.411559	0.199574	2.397097	0.364955
3	4.927384	0.447443	1.536259	0.627976
4	3.823636	0.645833	1.040609	0.712054
5	2.955420	0.800663	0.708568	0.851935
6	2.299865	0.928267	0.452377	0.898810
7	1.936336	0.968750	0.365284	0.921503
8	1.689495	0.985559	0.294281	0.934896
9	1.527734	0.995028	0.268384	0.939360
10	1.418975	0.995739	0.266797	0.941964
11	1.330435	0.999290	0.225395	0.954985
12	1.263788	0.999290	0.207721	0.960938
13	1.216082	1.000000	0.207467	0.952381
14	1.183536	1.000000	0.213230	0.952381
15	1.154348	1.000000	0.259304	0.941592
16	1.130550	1.000000	0.211384	0.957589
17	1.115147	1.000000	0.220109	0.954241
18	1.101325	1.000000	0.216968	0.951637
19	1.089145	1.000000	0.204010	0.957589
20	1.077470	1.000000	0.226525	0.956845
21	1.067701	1.000000	0.214323	0.954241
22	1.060821	1.000000	0.194916	0.963542
23	1.054347	1.000000	0.197526	0.960193
24	1.048169	1.000000	0.208008	0.957589
25	1.042471	1.000000	0.194321	0.960193
26	1.037549	1.000000	0.208217	0.960193
27	1.033538	1.000000	0.192301	0.957589
28	1.029866	1.000000	0.190437	0.963542
29	1.026702	1.000000	0.193757	0.960193
30	1.023240	1.000000	0.210675	0.956845

[test_metric]
ACC_class_level	0.965517
P_macro_class_level	0.948276
R_macro_class_level	0.965517
F1_macro_class_level	0.954023
num_classes_in_val	87
target_success_ratio_threshold	0.700000
target_success_rate_class_level	0.965517
