epoch	train_loss	train_acc	val_loss	val_acc
1	8.463331	0.022491	3.838221	0.041667
2	6.848205	0.105114	3.014946	0.156622
3	5.556503	0.252367	2.055437	0.417411
4	4.503965	0.461884	1.548049	0.515997
5	3.656785	0.621922	1.078296	0.724330
6	2.847169	0.800426	0.711166	0.854911
7	2.298970	0.903646	0.488952	0.891369
8	1.980705	0.944129	0.420310	0.915179
9	1.746554	0.975142	0.337176	0.915179
10	1.592448	0.982008	0.290187	0.934896
11	1.452230	0.996449	0.279853	0.938616
12	1.365284	0.998580	0.224274	0.946429
13	1.314916	0.998580	0.215415	0.941220
14	1.263067	1.000000	0.194712	0.958333
15	1.224840	1.000000	0.222640	0.939732
16	1.195103	1.000000	0.201178	0.952381
17	1.176108	1.000000	0.182559	0.955729
18	1.159858	1.000000	0.185936	0.958333
19	1.144611	1.000000	0.182096	0.952381
20	1.130347	1.000000	0.175636	0.955729
21	1.118463	1.000000	0.173667	0.958333
22	1.110225	1.000000	0.178516	0.954985
23	1.102909	1.000000	0.173315	0.954985
24	1.095165	1.000000	0.183124	0.948289
25	1.088603	1.000000	0.185992	0.951637
26	1.082093	1.000000	0.190681	0.951637
27	1.077438	1.000000	0.182283	0.954985
28	1.073270	1.000000	0.179586	0.954985
29	1.069001	1.000000	0.172536	0.957589
30	1.065019	1.000000	0.178325	0.954985

[test_metric]
ACC_class_level	0.942529
P_macro_class_level	0.913793
R_macro_class_level	0.942529
F1_macro_class_level	0.923372
num_classes_in_val	87
target_success_ratio_threshold	0.700000
target_success_rate_class_level	0.942529
