epoch	train_loss	train_acc	val_loss	val_acc
1	8.637985	0.016809	4.066395	0.026786
2	7.905022	0.024384	3.716450	0.048363
3	7.067082	0.068892	3.013737	0.159970
4	5.819168	0.199337	2.413193	0.293155
5	5.246018	0.296875	2.002015	0.407738
6	4.322418	0.500947	1.427322	0.616443
7	3.708216	0.628314	1.215852	0.667039
8	3.243212	0.722301	0.953543	0.727679
9	2.739349	0.807055	0.764494	0.774926
10	2.456786	0.846117	0.621107	0.840030
11	2.181593	0.887784	0.531769	0.859747
12	1.947021	0.926847	0.439200	0.882440
13	1.777193	0.957860	0.305225	0.920387
14	1.631882	0.972538	0.300321	0.920387
15	1.563012	0.975379	0.281608	0.933408
16	1.488462	0.979403	0.240250	0.930804
17	1.391529	0.992661	0.217084	0.943824
18	1.335415	0.994081	0.235309	0.941220
19	1.299477	0.997633	0.224193	0.937872
20	1.259029	0.999290	0.192014	0.950521
21	1.230525	1.000000	0.193502	0.953125
22	1.212474	1.000000	0.191168	0.955729
23	1.195455	1.000000	0.202237	0.943824
24	1.181389	1.000000	0.208306	0.944568
25	1.168143	1.000000	0.190430	0.950521
26	1.156152	1.000000	0.215050	0.939732
27	1.148266	1.000000	0.191347	0.949777
28	1.140197	1.000000	0.198942	0.952381
29	1.132132	1.000000	0.185775	0.958333
30	1.125316	1.000000	0.193141	0.947173

[test_metric]
ACC_class_level	0.988506
P_macro_class_level	0.982759
R_macro_class_level	0.988506
F1_macro_class_level	0.984674
num_classes_in_val	87
target_success_ratio_threshold	0.700000
target_success_rate_class_level	0.988506
