epoch	train_loss	train_acc	val_loss	val_acc
1	8.752409	0.009233	4.473654	0.013765
2	8.270956	0.017756	3.813030	0.069196
3	6.445519	0.195312	2.471876	0.353051
4	4.642297	0.484138	1.537897	0.619420
5	3.408556	0.717093	1.139720	0.724702
6	2.808043	0.804214	0.696841	0.834821
7	2.331299	0.891572	0.554958	0.882440
8	2.037246	0.934422	0.610153	0.842634
9	1.812624	0.962121	0.448003	0.885789
10	1.691241	0.964252	0.453612	0.902902
11	1.542803	0.987689	0.320547	0.928199
12	1.402530	0.996449	0.320301	0.944568
13	1.329175	0.998580	0.277583	0.950521
14	1.275547	0.998580	0.292622	0.941964
15	1.234404	1.000000	0.275706	0.953125
16	1.199866	1.000000	0.264356	0.950521
17	1.177096	1.000000	0.283073	0.941220
18	1.156771	1.000000	0.288824	0.944568
19	1.139132	1.000000	0.286431	0.947173
20	1.124868	1.000000	0.291970	0.943824
21	1.111232	1.000000	0.256067	0.947917
22	1.101640	1.000000	0.258547	0.945312
23	1.093203	1.000000	0.259019	0.947173
24	1.085606	1.000000	0.266684	0.949777
25	1.078124	1.000000	0.289155	0.940476
26	1.070787	1.000000	0.267673	0.946429
27	1.065972	1.000000	0.279486	0.949777
28	1.061618	1.000000	0.270378	0.947173
29	1.056884	1.000000	0.271048	0.946429
30	1.053062	1.000000	0.277641	0.943824

[test_metric]
ACC_class_level	0.977011
P_macro_class_level	0.971264
R_macro_class_level	0.977012
F1_macro_class_level	0.973180
num_classes_in_val	87
target_success_ratio_threshold	0.700000
target_success_rate_class_level	0.977011
