epoch	train_loss	train_acc	val_loss	val_acc
1	8.621655	0.012784	4.426983	0.020833
2	7.748364	0.043087	3.512471	0.100074
3	6.203472	0.214252	2.250948	0.351190
4	4.446604	0.519886	1.480296	0.574777
5	3.365962	0.692708	0.975012	0.723214
6	2.643117	0.833807	0.731783	0.798735
7	2.247536	0.889441	0.533110	0.860491
8	1.949518	0.938684	0.492457	0.877232
9	1.768355	0.964252	0.538483	0.864211
10	1.624212	0.970881	0.351027	0.920387
11	1.436000	0.993608	0.327489	0.924851
12	1.332680	0.996449	0.273980	0.926339
13	1.271260	0.999290	0.323390	0.928571
14	1.225576	0.999290	0.273743	0.924107
15	1.191304	0.998580	0.262372	0.934152
16	1.168217	0.997159	0.297240	0.927455
17	1.152022	0.999290	0.250221	0.949777
18	1.127956	1.000000	0.274926	0.935268
19	1.111850	1.000000	0.258168	0.941964
20	1.098248	1.000000	0.279869	0.941220
21	1.087373	1.000000	0.250808	0.941964
22	1.078551	1.000000	0.277577	0.938616
23	1.071232	1.000000	0.279108	0.931920
24	1.064644	1.000000	0.234953	0.945312
25	1.057819	1.000000	0.239783	0.941964
26	1.052095	1.000000	0.269229	0.932664
27	1.047730	1.000000	0.239827	0.939360
28	1.043682	1.000000	0.239443	0.944568
29	1.040081	1.000000	0.231280	0.945312
30	1.035804	1.000000	0.242742	0.941964

[test_metric]
ACC_class_level	0.965517
P_macro_class_level	0.948276
R_macro_class_level	0.965517
F1_macro_class_level	0.954023
num_classes_in_val	87
target_success_ratio_threshold	0.700000
target_success_rate_class_level	0.965517
