epoch	train_loss	train_acc	val_loss	val_acc
1	5.563422	0.004952	4.956642	0.021528
2	3.769766	0.137434	2.669272	0.321354
3	1.710614	0.572953	0.863502	0.810417
4	0.607410	0.863996	0.431804	0.894705
5	0.238843	0.948614	0.258720	0.943750
6	0.110383	0.976122	0.127749	0.974306
7	0.089943	0.976893	0.136180	0.966059
8	0.057360	0.986246	0.113088	0.976649
9	0.030622	0.992187	0.086458	0.981771
10	0.041515	0.988996	0.125031	0.972743
11	0.030716	0.993838	0.089244	0.978038
12	0.019075	0.995929	0.082310	0.983507
13	0.014036	0.996039	0.080711	0.981944
14	0.011719	0.996809	0.075795	0.983681
15	0.010145	0.997139	0.076033	0.983507
16	0.010930	0.995379	0.075438	0.984115
17	0.013638	0.995599	0.083097	0.981684
18	0.011505	0.996369	0.079454	0.982118
19	0.009839	0.996809	0.076804	0.983247
20	0.009858	0.997579	0.073960	0.984983
21	0.008207	0.998019	0.073835	0.985677
22	0.008167	0.997799	0.073702	0.985590
23	0.011966	0.996589	0.073672	0.984983
24	0.006700	0.998460	0.074173	0.984462
25	0.007811	0.997799	0.072511	0.984375
26	0.006248	0.998460	0.072309	0.984983
27	0.006037	0.998129	0.072847	0.985851
28	0.006822	0.998239	0.076702	0.984896
29	0.006663	0.997139	0.071556	0.985417
30	0.006763	0.997689	0.071680	0.984115

[test_metric]
ACC_sample_level	0.985816
P_macro_sample_level	0.987281
R_macro_sample_level	0.985816
F1_macro_sample_level	0.985560
num_classes_in_val	282
num_samples_in_val	2256
