epoch	train_loss	train_acc	val_loss	val_acc
1	5.571803	0.004952	4.811949	0.029948
2	3.755776	0.138424	2.445866	0.416146
3	1.567302	0.618838	0.834318	0.802170
4	0.503674	0.885673	0.408574	0.891493
5	0.246299	0.941681	0.248087	0.935851
6	0.092933	0.980634	0.103103	0.979340
7	0.043839	0.990647	0.113395	0.971615
8	0.036604	0.992738	0.088377	0.979948
9	0.045659	0.988116	0.124814	0.969531
10	0.050449	0.988666	0.138147	0.963715
11	0.024200	0.994168	0.079445	0.980469
12	0.012454	0.996589	0.073267	0.984896
13	0.012584	0.996149	0.072707	0.985851
14	0.009083	0.997579	0.071093	0.986285
15	0.009874	0.997469	0.072090	0.984722
16	0.008832	0.997139	0.069604	0.985243
17	0.009646	0.997029	0.071108	0.984896
18	0.007632	0.997579	0.069088	0.985417
19	0.007618	0.997469	0.069038	0.985677
20	0.007009	0.997579	0.070364	0.984115
21	0.006409	0.998129	0.075148	0.983681
22	0.010101	0.997359	0.068740	0.986979
23	0.006502	0.998349	0.066484	0.986285
24	0.005790	0.998019	0.067793	0.985851
25	0.005825	0.998349	0.066782	0.986545
26	0.004012	0.999230	0.069146	0.986632
27	0.005918	0.998129	0.068015	0.985677
28	0.004927	0.998460	0.073083	0.984635
29	0.006188	0.998460	0.067769	0.985243
30	0.005210	0.998129	0.066470	0.986111

[test_metric]
ACC_sample_level	0.986702
P_macro_sample_level	0.989014
R_macro_sample_level	0.986702
F1_macro_sample_level	0.985985
num_classes_in_val	282
num_samples_in_val	2256
