epoch	train_loss	train_acc	val_loss	val_acc
1	5.667558	0.002531	5.645436	0.003733
2	5.254873	0.023878	3.823036	0.140972
3	2.411542	0.415383	1.160528	0.726302
4	0.683726	0.843750	0.436472	0.894878
5	0.279690	0.936290	0.271350	0.933160
6	0.113215	0.975242	0.115815	0.976215
7	0.055130	0.988336	0.092350	0.980990
8	0.043423	0.989877	0.090865	0.981510
9	0.041902	0.989217	0.083280	0.981771
10	0.040850	0.989877	0.099673	0.977170
11	0.022559	0.994828	0.064058	0.987847
12	0.018442	0.995268	0.071245	0.986111
13	0.024895	0.993288	0.077811	0.983247
14	0.016121	0.995158	0.066619	0.986285
15	0.010362	0.996919	0.064896	0.986111
16	0.008066	0.997469	0.061164	0.985243
17	0.007646	0.997469	0.058661	0.987587
18	0.007101	0.997799	0.059598	0.986979
19	0.006770	0.997909	0.058031	0.987587
20	0.007547	0.997689	0.068873	0.986632
21	0.006920	0.997469	0.065295	0.985590
22	0.008433	0.997359	0.059441	0.987587
23	0.008545	0.997139	0.057852	0.986545
24	0.006765	0.997579	0.063342	0.985156
25	0.005943	0.998239	0.058393	0.987326
26	0.005093	0.998460	0.058855	0.987760
27	0.005566	0.998349	0.059746	0.988021
28	0.005357	0.998570	0.057142	0.987847
29	0.005051	0.998680	0.057588	0.988021
30	0.004524	0.998570	0.060947	0.988194

[test_metric]
ACC_sample_level	0.988475
P_macro_sample_level	0.989971
R_macro_sample_level	0.988475
F1_macro_sample_level	0.988348
num_classes_in_val	282
num_samples_in_val	2256
