epoch	train_loss	train_acc	val_loss	val_acc
1	5.664980	0.003521	5.637301	0.003733
2	4.647696	0.041263	3.534615	0.114757
3	2.844433	0.255062	2.121477	0.408854
4	1.545735	0.567672	1.036220	0.724392
5	0.607261	0.851783	0.492299	0.880122
6	0.238008	0.950044	0.203863	0.959896
7	0.117583	0.976452	0.197380	0.958160
8	0.093638	0.978213	0.216898	0.944705
9	0.086760	0.980304	0.141008	0.971094
10	0.065370	0.983055	0.133608	0.972917
11	0.025797	0.994498	0.103394	0.978472
12	0.017437	0.995489	0.105693	0.979340
13	0.022366	0.995048	0.104790	0.977083
14	0.012724	0.997029	0.102694	0.977951
15	0.014462	0.995929	0.104056	0.975955
16	0.011625	0.996369	0.104633	0.975694
17	0.024640	0.994058	0.112822	0.973003
18	0.010481	0.997469	0.096706	0.978733
19	0.012240	0.996699	0.106775	0.975000
20	0.010860	0.996589	0.098476	0.978299
21	0.008201	0.996919	0.099321	0.979774
22	0.007699	0.997139	0.098435	0.979514
23	0.007738	0.997469	0.097651	0.979080
24	0.006949	0.997579	0.095966	0.980208
25	0.006487	0.998129	0.096585	0.980035
26	0.006607	0.997909	0.096817	0.980208
27	0.007055	0.998019	0.099952	0.979080
28	0.006238	0.998129	0.096365	0.979080
29	0.006345	0.997469	0.100776	0.977951
30	0.007132	0.997359	0.096963	0.978038

[test_metric]
ACC_sample_level	0.980053
P_macro_sample_level	0.982831
R_macro_sample_level	0.980053
F1_macro_sample_level	0.979504
num_classes_in_val	282
num_samples_in_val	2256
