epoch	train_loss	train_acc	val_loss	val_acc
1	5.539518	0.005172	4.849078	0.016580
2	3.818386	0.118288	2.673474	0.359115
3	1.680457	0.591879	0.890999	0.805382
4	0.469187	0.901849	0.319949	0.940972
5	0.183317	0.965119	0.203301	0.963108
6	0.072514	0.987126	0.125636	0.976562
7	0.045653	0.990097	0.127631	0.972396
8	0.029895	0.993398	0.101746	0.978212
9	0.030999	0.992298	0.116897	0.975868
10	0.046266	0.989107	0.121002	0.974740
11	0.025041	0.993948	0.092880	0.980816
12	0.015435	0.996149	0.099957	0.980816
13	0.011775	0.996699	0.089015	0.980990
14	0.010007	0.997029	0.099254	0.977517
15	0.017197	0.994718	0.090806	0.980642
16	0.013571	0.995819	0.092354	0.978906
17	0.009778	0.996699	0.084694	0.981771
18	0.008428	0.996699	0.090598	0.981076
19	0.012227	0.995709	0.088955	0.980208
20	0.008707	0.996699	0.088351	0.980382
21	0.007523	0.996479	0.086805	0.981944
22	0.006974	0.997249	0.087713	0.981510
23	0.006761	0.997469	0.090904	0.980382
24	0.007257	0.997139	0.086235	0.981337
25	0.006789	0.997359	0.084582	0.982205
26	0.006549	0.997689	0.088945	0.980816
27	0.006254	0.997469	0.088253	0.981510
28	0.006218	0.997249	0.088989	0.980729
29	0.006183	0.997469	0.085815	0.981944
30	0.006379	0.997139	0.083509	0.982378

[test_metric]
ACC_sample_level	0.982270
P_macro_sample_level	0.985045
R_macro_sample_level	0.982270
F1_macro_sample_level	0.981283
num_classes_in_val	282
num_samples_in_val	2256
