epoch	train_loss	train_acc	val_loss	val_acc
1	1.936185	0.588206	1.214875	0.652995
2	0.414836	0.889113	0.645776	0.804688
3	0.237805	0.932964	0.730238	0.796224
4	0.177004	0.956149	0.908903	0.751302
5	0.153224	0.957157	0.760890	0.789714
6	0.108415	0.970262	0.431248	0.880859
7	0.042332	0.989415	0.241436	0.923828
8	0.018281	0.995968	0.302599	0.927083
9	0.017938	0.995968	0.528745	0.865234
10	0.013062	0.997480	0.254684	0.928385
11	0.007610	0.999496	0.229857	0.936198
12	0.004951	0.999496	0.212396	0.958984
13	0.002746	1.000000	0.212244	0.957031
14	0.002085	1.000000	0.202784	0.956380
15	0.001763	1.000000	0.206854	0.954427
16	0.001514	1.000000	0.214302	0.957031
17	0.001244	1.000000	0.199689	0.957031
18	0.001333	1.000000	0.201889	0.957682
19	0.001237	1.000000	0.204360	0.955729
20	0.001101	1.000000	0.197532	0.957682
21	0.001059	1.000000	0.198504	0.957682
22	0.000913	1.000000	0.204220	0.958333
23	0.001091	1.000000	0.197958	0.957682
24	0.000901	1.000000	0.213541	0.958333
25	0.000831	1.000000	0.202964	0.955078
26	0.001045	1.000000	0.194938	0.957031
27	0.000863	1.000000	0.204767	0.955078
28	0.000789	1.000000	0.193473	0.958333
29	0.000869	1.000000	0.204692	0.956380
30	0.000818	1.000000	0.199599	0.956380

[test_metric]
ACC_class_level	0.741935
P_macro_class_level	0.662634
R_macro_class_level	0.741935
F1_macro_class_level	0.686559
num_classes_in_val	62
target_success_ratio_threshold	0.900000
target_success_rate_class_level	0.741935
