epoch	train_loss	train_acc	val_loss	val_acc
1	2.027718	0.562500	1.170973	0.654948
2	0.424512	0.892641	0.794729	0.768229
3	0.261248	0.926411	1.400428	0.626953
4	0.165991	0.954637	0.986039	0.759766
5	0.114955	0.968750	0.334862	0.895182
6	0.068083	0.983367	0.259031	0.925130
7	0.027939	0.993952	0.391832	0.902344
8	0.016830	0.996976	0.247002	0.929688
9	0.021121	0.995464	0.237754	0.930339
10	0.034915	0.990423	1.668731	0.643880
11	0.030014	0.994960	0.230356	0.936849
12	0.009953	0.998992	0.170833	0.955729
13	0.003944	1.000000	0.133462	0.968750
14	0.005310	0.998992	0.205670	0.945312
15	0.007863	0.998992	0.176252	0.958333
16	0.003255	1.000000	0.160281	0.951823
17	0.001942	1.000000	0.156330	0.958984
18	0.001504	1.000000	0.147228	0.961589
19	0.001676	1.000000	0.144296	0.958984
20	0.001367	1.000000	0.158930	0.954427
21	0.001151	1.000000	0.153372	0.953125
22	0.002441	0.999496	0.196713	0.946615
23	0.003017	0.999496	0.156713	0.957031
24	0.001550	1.000000	0.155760	0.956380
25	0.001076	1.000000	0.148217	0.962240
26	0.001002	1.000000	0.150559	0.965495
27	0.001073	1.000000	0.146789	0.962240
28	0.000783	1.000000	0.144774	0.962891
29	0.000991	1.000000	0.147152	0.966146
30	0.000823	1.000000	0.148015	0.964193

[test_metric]
ACC_class_level	0.790323
P_macro_class_level	0.739247
R_macro_class_level	0.790323
F1_macro_class_level	0.755376
num_classes_in_val	62
target_success_ratio_threshold	0.900000
target_success_rate_class_level	0.790323
