epoch	train_loss	train_acc	val_loss	val_acc
1	1.924135	0.588710	1.185802	0.644531
2	0.385410	0.904234	0.752104	0.774740
3	0.245180	0.932964	1.042907	0.697917
4	0.177670	0.950101	0.402041	0.884766
5	0.128081	0.965222	0.588040	0.837891
6	0.054147	0.988407	0.308056	0.909505
7	0.018639	0.997480	0.196813	0.944010
8	0.008344	0.998992	0.202436	0.936198
9	0.006489	0.998992	0.171290	0.958984
10	0.011929	0.997984	0.246806	0.943359
11	0.010738	0.997480	0.208205	0.941406
12	0.004303	0.999496	0.162051	0.949219
13	0.003538	0.999496	0.162945	0.955729
14	0.007763	0.998488	0.186828	0.945964
15	0.006112	0.999496	0.190884	0.944661
16	0.003195	0.999496	0.182662	0.947917
17	0.001999	1.000000	0.176772	0.951823
18	0.002206	1.000000	0.167528	0.954427
19	0.001392	1.000000	0.177995	0.959635
20	0.001213	1.000000	0.171440	0.949870
21	0.001284	1.000000	0.172432	0.956380
22	0.001349	1.000000	0.170351	0.951823
23	0.001268	1.000000	0.164747	0.958984
24	0.000940	1.000000	0.163827	0.951172
25	0.000936	1.000000	0.180157	0.953125
26	0.001024	1.000000	0.166583	0.953776
27	0.000974	1.000000	0.164070	0.956380
28	0.000906	1.000000	0.165573	0.955078
29	0.000942	1.000000	0.166287	0.953125
30	0.000849	1.000000	0.162597	0.955078

[test_metric]
ACC_class_level	0.725806
P_macro_class_level	0.658602
R_macro_class_level	0.725806
F1_macro_class_level	0.680108
num_classes_in_val	62
target_success_ratio_threshold	0.900000
target_success_rate_class_level	0.725806
