epoch	train_loss	train_acc	val_loss	val_acc
1	1.935667	0.570565	0.866737	0.761068
2	0.400994	0.896673	0.735080	0.801432
3	0.231373	0.938004	1.159759	0.658854
4	0.217627	0.939516	0.795060	0.804688
5	0.132273	0.966734	0.880364	0.794922
6	0.066760	0.984879	0.354873	0.901042
7	0.026719	0.995968	0.247347	0.949870
8	0.016633	0.997480	0.228156	0.941406
9	0.020893	0.994960	0.524152	0.888672
10	0.024636	0.994960	0.291203	0.927734
11	0.006984	0.999496	0.227477	0.938802
12	0.003614	1.000000	0.227990	0.938802
13	0.002290	1.000000	0.207444	0.945312
14	0.002197	1.000000	0.209878	0.947917
15	0.004980	0.998992	0.231750	0.942057
16	0.002217	1.000000	0.210608	0.956380
17	0.001969	1.000000	0.218542	0.949870
18	0.001287	1.000000	0.213365	0.952474
19	0.001302	1.000000	0.211070	0.949870
20	0.001345	1.000000	0.201836	0.951823
21	0.001241	1.000000	0.202018	0.952474
22	0.001007	1.000000	0.205872	0.954427
23	0.001139	1.000000	0.203961	0.954427
24	0.001042	1.000000	0.203483	0.960286
25	0.001082	1.000000	0.202004	0.951823
26	0.001071	1.000000	0.196459	0.957031
27	0.000976	1.000000	0.208574	0.949219
28	0.001053	1.000000	0.201720	0.951823
29	0.000972	1.000000	0.211357	0.949870
30	0.000910	1.000000	0.192697	0.956380

[test_metric]
ACC_class_level	0.758065
P_macro_class_level	0.690860
R_macro_class_level	0.758065
F1_macro_class_level	0.712366
num_classes_in_val	62
target_success_ratio_threshold	0.900000
target_success_rate_class_level	0.758065
