epoch	train_loss	train_acc	val_loss	val_acc
1	1.954514	0.579637	1.056391	0.688802
2	0.343861	0.921371	0.713507	0.796224
3	0.249096	0.933468	0.993736	0.698568
4	0.172281	0.953125	0.486384	0.852214
5	0.156973	0.953125	0.962019	0.728516
6	0.086217	0.975806	0.436777	0.875651
7	0.022694	0.996976	0.253357	0.931641
8	0.011591	0.998992	0.223129	0.932943
9	0.006118	1.000000	0.201929	0.940755
10	0.003071	1.000000	0.190976	0.939453
11	0.002679	1.000000	0.184280	0.944661
12	0.002162	1.000000	0.185526	0.940104
13	0.002089	1.000000	0.194081	0.945312
14	0.001850	1.000000	0.192585	0.945964
15	0.001579	1.000000	0.186404	0.945312
16	0.001500	1.000000	0.187641	0.944010
17	0.001480	1.000000	0.180254	0.947266
18	0.001254	1.000000	0.189627	0.944010
19	0.001316	1.000000	0.194107	0.940104
20	0.001234	1.000000	0.190171	0.944010
21	0.001191	1.000000	0.193153	0.945312
22	0.001121	1.000000	0.187648	0.945964
23	0.001345	1.000000	0.186079	0.945964
24	0.000976	1.000000	0.185538	0.945964
25	0.001101	1.000000	0.180517	0.944661
26	0.000992	1.000000	0.196256	0.942057
27	0.001221	1.000000	0.189144	0.944661
28	0.001008	1.000000	0.179017	0.946615
29	0.001025	1.000000	0.182507	0.947266
30	0.000913	1.000000	0.184973	0.944010

[test_metric]
ACC_class_level	0.645161
P_macro_class_level	0.580645
R_macro_class_level	0.645161
F1_macro_class_level	0.602150
num_classes_in_val	62
target_success_ratio_threshold	0.900000
target_success_rate_class_level	0.645161
