epoch	train_loss	train_acc	val_loss	val_acc
1	2.592468	0.481351	2.644795	0.421224
2	0.436963	0.897681	0.578573	0.879557
3	0.166368	0.966230	0.456252	0.886719
4	0.087553	0.986391	0.476799	0.858073
5	0.058979	0.988911	0.350438	0.905599
6	0.022387	0.997984	0.283804	0.931641
7	0.009591	1.000000	0.239277	0.935547
8	0.007239	0.999496	0.263313	0.934896
9	0.004190	1.000000	0.243431	0.945312
10	0.003224	1.000000	0.236539	0.946615
11	0.002583	1.000000	0.236336	0.942057
12	0.002203	1.000000	0.233063	0.944661
13	0.002093	1.000000	0.227105	0.951823
14	0.001727	1.000000	0.225107	0.945964
15	0.001697	1.000000	0.229310	0.946615
16	0.001825	1.000000	0.232248	0.943359
17	0.001484	1.000000	0.234988	0.947266
18	0.001469	1.000000	0.231335	0.945312
19	0.001451	1.000000	0.232021	0.949219
20	0.001360	1.000000	0.229417	0.945312
21	0.001159	1.000000	0.223676	0.946615
22	0.001251	1.000000	0.226394	0.947917
23	0.001070	1.000000	0.218325	0.951172
24	0.001231	1.000000	0.231656	0.945312
25	0.001161	1.000000	0.232915	0.947917
26	0.001019	1.000000	0.222914	0.948568
27	0.001173	1.000000	0.234213	0.948568
28	0.001031	1.000000	0.221277	0.947917
29	0.001012	1.000000	0.223863	0.947266
30	0.001001	1.000000	0.219507	0.950521

[test_metric]
ACC_class_level	0.709677
P_macro_class_level	0.639785
R_macro_class_level	0.709677
F1_macro_class_level	0.661290
num_classes_in_val	62
target_success_ratio_threshold	0.900000
target_success_rate_class_level	0.709677
