epoch	train_loss	train_acc	val_loss	val_acc
1	2.628946	0.464214	2.737898	0.289714
2	0.515706	0.868952	1.020055	0.733073
3	0.179661	0.961190	0.575179	0.858724
4	0.066195	0.988911	0.403484	0.894531
5	0.032222	0.997480	0.346299	0.905599
6	0.023189	0.995968	0.297399	0.915365
7	0.014675	0.997480	0.302504	0.905599
8	0.013957	0.997984	0.313448	0.905599
9	0.008409	1.000000	0.270770	0.923177
10	0.003845	1.000000	0.265487	0.921224
11	0.003316	1.000000	0.263228	0.923828
12	0.002850	1.000000	0.270953	0.914062
13	0.002328	1.000000	0.270810	0.923177
14	0.002020	1.000000	0.264600	0.918620
15	0.001825	1.000000	0.257530	0.922526
16	0.001668	1.000000	0.265666	0.919271
17	0.001534	1.000000	0.258291	0.922526
18	0.001769	1.000000	0.259293	0.926432
19	0.001553	1.000000	0.264429	0.923828
20	0.001404	1.000000	0.265839	0.922526
21	0.001341	1.000000	0.266359	0.921224
22	0.001244	1.000000	0.272468	0.916667
23	0.001115	1.000000	0.271692	0.923828
24	0.001277	1.000000	0.268416	0.921224
25	0.001198	1.000000	0.265479	0.919922
26	0.000964	1.000000	0.270528	0.925130
27	0.001206	1.000000	0.264908	0.920573
28	0.001328	1.000000	0.272475	0.914714
29	0.001055	1.000000	0.279146	0.917318
30	0.000955	1.000000	0.258652	0.919922

[test_metric]
ACC_class_level	0.580645
P_macro_class_level	0.493280
R_macro_class_level	0.580645
F1_macro_class_level	0.519892
num_classes_in_val	62
target_success_ratio_threshold	0.900000
target_success_rate_class_level	0.580645
