epoch	train_loss	train_acc	val_loss	val_acc
1	2.835421	0.433972	2.460267	0.335286
2	0.542490	0.860383	1.409416	0.609375
3	0.170813	0.963206	0.603536	0.845703
4	0.066160	0.992440	0.331431	0.895833
5	0.025168	0.998488	0.302008	0.902344
6	0.013828	0.998488	0.220371	0.930990
7	0.008133	0.999496	0.211510	0.938151
8	0.007711	0.999496	0.209453	0.932292
9	0.005468	1.000000	0.200162	0.932292
10	0.003671	1.000000	0.195829	0.934245
11	0.002757	1.000000	0.185043	0.934245
12	0.002512	1.000000	0.182566	0.938802
13	0.002515	1.000000	0.182575	0.940755
14	0.001889	1.000000	0.180791	0.940104
15	0.001885	1.000000	0.173175	0.942057
16	0.001811	1.000000	0.174889	0.940104
17	0.001885	1.000000	0.174345	0.940104
18	0.001552	1.000000	0.177267	0.935547
19	0.001482	1.000000	0.172352	0.940755
20	0.001579	1.000000	0.173186	0.938802
21	0.001366	1.000000	0.170265	0.943359
22	0.001377	1.000000	0.174681	0.939453
23	0.001222	1.000000	0.177719	0.941406
24	0.001104	1.000000	0.172327	0.938802
25	0.001133	1.000000	0.182732	0.937500
26	0.001260	1.000000	0.173032	0.940755
27	0.001265	1.000000	0.174412	0.938802
28	0.001221	1.000000	0.174402	0.942708
29	0.001019	1.000000	0.169181	0.942708
30	0.000998	1.000000	0.176470	0.939453

[test_metric]
ACC_class_level	0.693548
P_macro_class_level	0.618280
R_macro_class_level	0.693548
F1_macro_class_level	0.642473
num_classes_in_val	62
target_success_ratio_threshold	0.900000
target_success_rate_class_level	0.693548
