epoch	train_loss	train_acc	val_loss	val_acc
1	2.590034	0.473790	2.966211	0.282552
2	0.527515	0.869456	0.757159	0.833984
3	0.202314	0.953629	0.582739	0.836589
4	0.072321	0.988911	0.363025	0.918620
5	0.035901	0.993448	0.375988	0.898438
6	0.019453	0.998992	0.271347	0.923828
7	0.008962	1.000000	0.237985	0.926432
8	0.007521	0.998992	0.244022	0.938151
9	0.006064	0.999496	0.240555	0.928385
10	0.004380	1.000000	0.244578	0.932292
11	0.002704	1.000000	0.235036	0.939453
12	0.002755	1.000000	0.233360	0.930990
13	0.002311	1.000000	0.224251	0.933594
14	0.002066	1.000000	0.224781	0.940104
15	0.001967	1.000000	0.222083	0.936849
16	0.001691	1.000000	0.227713	0.932292
17	0.001739	1.000000	0.226626	0.936849
18	0.001516	1.000000	0.213660	0.942708
19	0.001607	1.000000	0.225079	0.934245
20	0.001709	1.000000	0.222102	0.939453
21	0.001576	1.000000	0.233471	0.936849
22	0.001227	1.000000	0.222560	0.936198
23	0.001516	1.000000	0.215518	0.942708
24	0.001336	1.000000	0.222668	0.933594
25	0.001087	1.000000	0.219790	0.941406
26	0.001177	1.000000	0.216107	0.942708
27	0.001013	1.000000	0.214603	0.944661
28	0.001168	1.000000	0.208910	0.942057
29	0.000913	1.000000	0.213405	0.942057
30	0.000885	1.000000	0.221838	0.943359

[test_metric]
ACC_class_level	0.677419
P_macro_class_level	0.600806
R_macro_class_level	0.677419
F1_macro_class_level	0.624731
num_classes_in_val	62
target_success_ratio_threshold	0.900000
target_success_rate_class_level	0.677419
