epoch	train_loss	train_acc	val_loss	val_acc
1	2.703000	0.429940	2.777052	0.302083
2	0.492978	0.877520	0.799289	0.796224
3	0.171799	0.964214	0.445922	0.867839
4	0.075236	0.987903	0.737234	0.801432
5	0.029376	0.997984	0.343164	0.904948
6	0.024050	0.996976	0.313722	0.915365
7	0.011373	0.999496	0.304699	0.919922
8	0.006464	1.000000	0.255226	0.939453
9	0.003446	1.000000	0.257721	0.931641
10	0.003753	1.000000	0.250943	0.935547
11	0.002810	1.000000	0.256303	0.927083
12	0.002320	1.000000	0.260604	0.932943
13	0.002297	1.000000	0.241430	0.937500
14	0.002094	1.000000	0.253948	0.936849
15	0.001919	1.000000	0.251164	0.942708
16	0.001703	1.000000	0.250848	0.938151
17	0.001586	1.000000	0.251659	0.938151
18	0.001437	1.000000	0.248179	0.934896
19	0.001413	1.000000	0.248764	0.931641
20	0.001263	1.000000	0.251137	0.932943
21	0.001287	1.000000	0.255161	0.932943
22	0.001215	1.000000	0.246694	0.929688
23	0.001127	1.000000	0.259757	0.932292
24	0.001238	1.000000	0.250197	0.932943
25	0.001062	1.000000	0.255082	0.927734
26	0.001156	1.000000	0.246164	0.933594
27	0.001232	1.000000	0.243279	0.934245
28	0.001056	1.000000	0.255380	0.937500
29	0.001121	1.000000	0.248785	0.940104
30	0.001583	1.000000	0.251477	0.932943

[test_metric]
ACC_class_level	0.645161
P_macro_class_level	0.549731
R_macro_class_level	0.645161
F1_macro_class_level	0.579032
num_classes_in_val	62
target_success_ratio_threshold	0.900000
target_success_rate_class_level	0.645161
