epoch	train_loss	train_acc	val_loss	val_acc
1	9.776268	0.074093	2.757817	0.168620
2	7.002005	0.252520	2.191747	0.299479
3	5.362576	0.457661	1.352531	0.606120
4	3.782106	0.675403	0.888838	0.750651
5	2.499421	0.825605	0.544833	0.843750
6	1.488272	0.916835	0.421756	0.879557
7	1.004432	0.950101	0.394064	0.887370
8	0.811654	0.957157	0.413030	0.882161
9	0.565068	0.972278	0.317360	0.922526
10	0.407227	0.986391	0.371659	0.906901
11	0.291822	0.995968	0.299537	0.927083
12	0.204642	0.999496	0.289142	0.926432
13	0.162492	0.999496	0.287987	0.930339
14	0.141238	1.000000	0.293221	0.929688
15	0.126344	1.000000	0.285163	0.929688
16	0.114168	1.000000	0.273548	0.930990
17	0.106713	1.000000	0.281670	0.927734
18	0.099768	1.000000	0.279705	0.926432
19	0.093861	1.000000	0.279103	0.927083
20	0.088793	1.000000	0.267826	0.930990
21	0.083247	1.000000	0.276878	0.926432
22	0.079898	1.000000	0.285021	0.927734
23	0.076730	1.000000	0.275300	0.925781
24	0.074005	1.000000	0.279857	0.927734
25	0.071322	1.000000	0.275944	0.926432
26	0.068265	1.000000	0.278442	0.925130
27	0.066001	1.000000	0.275835	0.928385
28	0.064342	1.000000	0.282696	0.927734
29	0.062516	1.000000	0.287068	0.924479
30	0.061034	1.000000	0.282139	0.927083

[test_metric]
ACC_sample_level	0.929435
P_macro_sample_level	0.934138
R_macro_sample_level	0.929435
F1_macro_sample_level	0.928390
num_classes_in_val	62
num_samples_in_val	496
