epoch	train_loss	train_acc	val_loss	val_acc
1	10.570292	0.032762	3.355337	0.078125
2	7.807182	0.170867	2.286457	0.300130
3	5.702594	0.410786	1.591274	0.515625
4	4.312319	0.591734	1.139375	0.664062
5	3.123161	0.738911	0.906473	0.738281
6	2.128019	0.843246	0.660138	0.825521
7	1.410862	0.913810	0.538621	0.841146
8	1.032158	0.934476	0.523700	0.865885
9	0.789069	0.954133	0.508318	0.873698
10	0.653240	0.962702	0.578182	0.858073
11	0.447423	0.985383	0.423088	0.896484
12	0.317767	0.994960	0.467485	0.888672
13	0.255575	0.997480	0.437334	0.891927
14	0.213611	0.998992	0.454672	0.886068
15	0.187091	1.000000	0.408638	0.903646
16	0.163770	1.000000	0.398530	0.903646
17	0.150307	1.000000	0.400081	0.901693
18	0.142618	1.000000	0.399925	0.898438
19	0.132355	1.000000	0.406764	0.899740
20	0.124531	1.000000	0.403891	0.899740
21	0.117499	1.000000	0.399492	0.898438
22	0.111395	1.000000	0.387879	0.900391
23	0.106707	1.000000	0.383494	0.906250
24	0.102238	1.000000	0.393158	0.902995
25	0.098332	1.000000	0.384627	0.910156
26	0.094317	1.000000	0.383937	0.907552
27	0.092221	1.000000	0.389490	0.904297
28	0.088900	1.000000	0.388972	0.899740
29	0.086577	1.000000	0.396357	0.904297
30	0.084318	1.000000	0.390069	0.899740

[test_metric]
ACC_sample_level	0.909274
P_macro_sample_level	0.915675
R_macro_sample_level	0.909274
F1_macro_sample_level	0.908484
num_classes_in_val	62
num_samples_in_val	496
