epoch	train_loss	train_acc	val_loss	val_acc
1	10.101923	0.042339	3.229035	0.093099
2	8.178774	0.095262	2.929983	0.108724
3	7.313913	0.142641	2.450653	0.222005
4	6.281944	0.294355	2.268771	0.298828
5	5.364723	0.418851	1.612311	0.503255
6	4.139892	0.590222	1.187437	0.642578
7	3.163996	0.731855	0.957617	0.718750
8	2.501599	0.804435	0.857633	0.767578
9	2.046182	0.835181	0.705937	0.806641
10	1.523018	0.880040	0.679750	0.824219
11	1.090395	0.932964	0.552359	0.865885
12	0.783705	0.956653	0.545672	0.871094
13	0.579909	0.974294	0.502416	0.881510
14	0.456027	0.988407	0.590860	0.866536
15	0.357648	0.993448	0.498611	0.886068
16	0.285669	0.996472	0.531503	0.877604
17	0.243862	0.998992	0.514410	0.881510
18	0.208656	0.999496	0.473810	0.889974
19	0.187239	1.000000	0.448248	0.895833
20	0.170211	1.000000	0.473445	0.893229
21	0.156479	1.000000	0.476850	0.892578
22	0.146114	1.000000	0.454886	0.891927
23	0.138725	1.000000	0.456321	0.896484
24	0.131647	1.000000	0.460609	0.893229
25	0.124977	1.000000	0.458019	0.895182
26	0.118504	1.000000	0.467796	0.892578
27	0.113932	1.000000	0.457699	0.893229
28	0.109988	1.000000	0.444810	0.897786
29	0.106393	1.000000	0.450812	0.893880
30	0.103536	1.000000	0.445787	0.897786

[test_metric]
ACC_sample_level	0.897177
P_macro_sample_level	0.906667
R_macro_sample_level	0.897177
F1_macro_sample_level	0.895022
num_classes_in_val	62
num_samples_in_val	496
