epoch	train_loss	train_acc	val_loss	val_acc
1	10.080843	0.041835	3.101098	0.086589
2	7.909204	0.116431	2.663801	0.166667
3	6.662843	0.255040	2.171179	0.342448
4	5.282868	0.440524	1.570987	0.506510
5	4.054825	0.625504	1.128748	0.669271
6	2.729024	0.804940	0.686256	0.805990
7	1.998750	0.860887	0.653917	0.834635
8	1.521731	0.896673	0.544492	0.848307
9	1.109574	0.931956	0.572743	0.835286
10	0.819235	0.956149	0.464440	0.867188
11	0.533217	0.978327	0.415133	0.889323
12	0.385352	0.989919	0.377459	0.902995
13	0.297152	0.995968	0.357919	0.912109
14	0.248235	0.997984	0.358451	0.913411
15	0.206629	0.998992	0.338720	0.919271
16	0.181211	0.999496	0.327121	0.919271
17	0.165120	0.998992	0.329151	0.922526
18	0.151589	1.000000	0.316989	0.927734
19	0.141818	1.000000	0.313247	0.931641
20	0.133017	1.000000	0.315522	0.919922
21	0.123189	1.000000	0.305658	0.930990
22	0.116805	1.000000	0.297436	0.928385
23	0.111539	1.000000	0.295873	0.925130
24	0.106636	1.000000	0.298699	0.929036
25	0.102627	1.000000	0.300711	0.925781
26	0.098059	1.000000	0.295031	0.930339
27	0.094276	1.000000	0.289747	0.927083
28	0.091604	1.000000	0.283372	0.932943
29	0.088915	1.000000	0.296185	0.927083
30	0.086364	1.000000	0.300798	0.922526

[test_metric]
ACC_sample_level	0.931452
P_macro_sample_level	0.938914
R_macro_sample_level	0.931452
F1_macro_sample_level	0.931088
num_classes_in_val	62
num_samples_in_val	496
