epoch	train_loss	train_acc	val_loss	val_acc
1	11.056139	0.014113	4.198581	0.016276
2	10.901577	0.021169	3.831528	0.050130
3	8.725359	0.102823	2.688063	0.184245
4	6.588438	0.266633	2.138875	0.299479
5	5.491829	0.380544	1.685205	0.442057
6	4.347450	0.548891	1.298770	0.628255
7	3.456631	0.678427	0.925429	0.728516
8	2.900636	0.741431	0.881491	0.728516
9	2.117139	0.839718	0.661878	0.807943
10	1.576842	0.879536	0.580575	0.830729
11	1.144727	0.919859	0.521911	0.849609
12	0.885097	0.946573	0.537306	0.850260
13	0.734344	0.952621	0.531597	0.851562
14	0.594458	0.970262	0.445024	0.882812
15	0.443656	0.984879	0.516436	0.877604
16	0.348527	0.991935	0.436861	0.890625
17	0.276398	0.995464	0.419823	0.897786
18	0.238266	0.997984	0.398634	0.893229
19	0.206333	0.997984	0.390472	0.898438
20	0.184574	0.998992	0.385971	0.907552
21	0.169689	0.998992	0.387668	0.897135
22	0.159112	0.999496	0.373837	0.909505
23	0.149729	0.999496	0.379545	0.901693
24	0.143125	0.999496	0.375728	0.905599
25	0.136056	0.999496	0.394722	0.901042
26	0.129366	1.000000	0.370470	0.905599
27	0.124490	1.000000	0.382780	0.898438
28	0.120447	1.000000	0.378103	0.899089
29	0.116562	1.000000	0.385151	0.904948
30	0.112811	1.000000	0.367619	0.911458

[test_metric]
ACC_sample_level	0.909274
P_macro_sample_level	0.923329
R_macro_sample_level	0.909274
F1_macro_sample_level	0.910178
num_classes_in_val	62
num_samples_in_val	496
