epoch	train_loss	train_acc	val_loss	val_acc
1	5.428271	0.011127	5.228575	0.010417
2	4.807828	0.023437	4.784728	0.020833
3	4.465089	0.039773	4.536066	0.045759
4	4.278761	0.044034	4.319235	0.044271
5	4.143076	0.060133	4.116069	0.072545
6	4.046747	0.063920	3.996249	0.058036
7	3.918326	0.069602	3.861777	0.101190
8	3.836008	0.084517	3.734584	0.148810
9	3.782721	0.088068	3.617769	0.146205
10	3.658217	0.102036	3.549045	0.199405
11	3.611685	0.090436	3.458748	0.191220
12	3.533348	0.114347	3.387416	0.222098
13	3.506017	0.116477	3.336864	0.232143
14	3.422945	0.135890	3.289972	0.244792
15	3.370276	0.149148	3.177207	0.251488
16	3.346242	0.141572	3.126954	0.241071
17	3.289071	0.165483	3.119074	0.227679
18	3.276051	0.156960	3.065543	0.272693
19	3.217302	0.165956	3.027679	0.349330
20	3.190120	0.179451	3.000831	0.291295
21	3.142447	0.199811	2.952915	0.308036
22	3.135644	0.174953	2.902261	0.344494
23	3.071729	0.211174	2.899139	0.337054
24	3.070814	0.198627	2.866853	0.340774
25	3.033883	0.210464	2.817045	0.372768
26	3.039371	0.205966	2.802237	0.362723
27	3.024153	0.205492	2.801158	0.353051
28	2.992820	0.211884	2.764640	0.372024
29	2.967080	0.222064	2.737740	0.364583
30	2.949515	0.231297	2.740850	0.382440

[test_metric]
ACC_class_level	0.229885
P_macro_class_level	0.131258
R_macro_class_level	0.229885
F1_macro_class_level	0.150666
num_classes_in_val	87
target_success_ratio_threshold	0.900000
target_success_rate_class_level	0.229885
