epoch	train_loss	train_acc	val_loss	val_acc
1	5.412962	0.019413	5.217226	0.010417
2	4.773942	0.020833	4.748628	0.026786
3	4.453959	0.028409	4.423484	0.085565
4	4.260899	0.043561	4.239307	0.057292
5	4.140212	0.056345	4.129682	0.063244
6	4.005092	0.064157	4.023046	0.085565
7	3.944173	0.064157	3.909859	0.068452
8	3.884116	0.069366	3.795904	0.116071
9	3.798727	0.089962	3.612596	0.132440
10	3.708169	0.091146	3.566792	0.135789
11	3.622191	0.100142	3.485766	0.156622
12	3.562268	0.116477	3.407022	0.139509
13	3.503659	0.119318	3.323626	0.178943
14	3.467934	0.124053	3.264876	0.188988
15	3.407622	0.125947	3.260556	0.187128
16	3.364080	0.143939	3.150202	0.237723
17	3.335259	0.143939	3.142007	0.230283
18	3.304681	0.144176	3.095907	0.224702
19	3.267705	0.150095	3.030782	0.245536
20	3.220096	0.158381	3.022026	0.261161
21	3.208731	0.165483	3.003537	0.250372
22	3.165257	0.185606	2.978115	0.269717
23	3.137910	0.195786	2.919485	0.278646
24	3.092115	0.205019	2.914616	0.295015
25	3.114929	0.197206	2.846706	0.292411
26	3.082385	0.191998	2.871349	0.303571
27	3.034706	0.191761	2.806237	0.317336
28	3.063298	0.205019	2.814605	0.301339
29	3.047886	0.200047	2.760687	0.340402
30	3.005833	0.232008	2.769076	0.339658

[test_metric]
ACC_class_level	0.183908
P_macro_class_level	0.096757
R_macro_class_level	0.183908
F1_macro_class_level	0.115390
num_classes_in_val	87
target_success_ratio_threshold	0.900000
target_success_rate_class_level	0.183908
