epoch	train_loss	train_acc	val_loss	val_acc
1	5.434050	0.008759	5.243356	0.010417
2	4.798528	0.030540	4.761076	0.029390
3	4.477853	0.041667	4.469757	0.055432
4	4.262537	0.050900	4.233699	0.082217
5	4.122948	0.059659	3.973059	0.111607
6	3.961658	0.067945	3.897807	0.114955
7	3.862359	0.088778	3.757905	0.142857
8	3.771925	0.085701	3.627652	0.210938
9	3.664406	0.109138	3.537401	0.161086
10	3.595367	0.112689	3.421717	0.205729
11	3.541757	0.109375	3.373007	0.176339
12	3.461004	0.132102	3.313277	0.218006
13	3.422019	0.122396	3.251689	0.192708
14	3.357787	0.143703	3.186768	0.244420
15	3.308949	0.145360	3.104928	0.302455
16	3.273912	0.137784	3.120298	0.271205
17	3.221812	0.166430	3.061185	0.269345
18	3.188624	0.168561	2.970469	0.350818
19	3.157770	0.183949	2.926041	0.356027
20	3.132415	0.183475	2.909621	0.325521
21	3.092811	0.187973	2.894969	0.331101
22	3.059562	0.198153	2.854033	0.347098
23	3.045462	0.193182	2.837559	0.347842
24	3.022675	0.194602	2.822740	0.346354
25	2.971647	0.230824	2.760280	0.399182
26	2.972544	0.227509	2.745437	0.386905
27	2.923575	0.239347	2.693604	0.405506
28	2.915087	0.250000	2.721315	0.408482
29	2.888844	0.236979	2.674690	0.396949
30	2.904698	0.240767	2.679328	0.402158

[test_metric]
ACC_class_level	0.252874
P_macro_class_level	0.177969
R_macro_class_level	0.252874
F1_macro_class_level	0.195621
num_classes_in_val	87
target_success_ratio_threshold	0.900000
target_success_rate_class_level	0.252874
