epoch	train_loss	train_acc	val_loss	val_acc
1	5.421505	0.008286	5.231384	0.013765
2	4.802147	0.022254	4.811096	0.026042
3	4.478749	0.035511	4.505063	0.071057
4	4.260811	0.045455	4.231275	0.090030
5	4.101450	0.059659	4.051695	0.090030
6	3.989886	0.070312	3.937966	0.123884
7	3.910371	0.070549	3.776912	0.148438
8	3.807920	0.072680	3.688054	0.142857
9	3.724407	0.098485	3.569595	0.174851
10	3.632193	0.106534	3.460111	0.201637
11	3.568336	0.120502	3.417661	0.191220
12	3.517783	0.101562	3.361397	0.215030
13	3.464924	0.112926	3.278345	0.236235
14	3.441165	0.126184	3.276506	0.198289
15	3.362340	0.144650	3.204315	0.187872
16	3.329267	0.148911	3.126379	0.276414
17	3.291550	0.153409	3.063743	0.291295
18	3.260929	0.135417	3.049535	0.267485
19	3.226793	0.151752	2.998081	0.310268
20	3.198956	0.166903	2.973951	0.332589
21	3.174795	0.175426	2.955462	0.312872
22	3.127690	0.189394	2.938722	0.316964
23	3.109206	0.177320	2.884821	0.341518
24	3.072176	0.204072	2.857908	0.355655
25	3.072863	0.194602	2.839670	0.352307
26	3.065388	0.195312	2.790340	0.377976
27	3.040311	0.212831	2.760167	0.394717
28	3.003684	0.212121	2.769631	0.380580
29	2.989867	0.232718	2.767628	0.366071
30	2.951097	0.240767	2.761365	0.367932

[test_metric]
ACC_class_level	0.218391
P_macro_class_level	0.130122
R_macro_class_level	0.218391
F1_macro_class_level	0.148467
num_classes_in_val	87
target_success_ratio_threshold	0.900000
target_success_rate_class_level	0.218391
