epoch	train_loss	train_acc	val_loss	val_acc
1	5.420566	0.014205	5.229291	0.010417
2	4.806578	0.021070	4.742906	0.015625
3	4.491696	0.035985	4.504111	0.073661
4	4.301123	0.037405	4.289987	0.078125
5	4.149549	0.049479	4.051221	0.068452
6	4.006961	0.069602	3.908784	0.104539
7	3.937077	0.060133	3.793482	0.100446
8	3.831175	0.095170	3.730950	0.101563
9	3.743858	0.093513	3.596190	0.156622
10	3.663015	0.091856	3.550146	0.177827
11	3.597883	0.111506	3.426814	0.193452
12	3.536097	0.126657	3.359667	0.167039
13	3.484736	0.114347	3.314244	0.144717
14	3.434716	0.126894	3.262442	0.186012
15	3.367672	0.140625	3.197902	0.231771
16	3.338472	0.130682	3.151814	0.247768
17	3.303147	0.148911	3.112089	0.288690
18	3.263833	0.157197	3.077277	0.264137
19	3.233503	0.169981	3.046353	0.258557
20	3.186783	0.182528	2.973621	0.283854
21	3.144403	0.185133	2.905700	0.314360
22	3.133375	0.182765	2.947050	0.298363
23	3.094644	0.196259	2.860495	0.313244
24	3.056860	0.207386	2.852415	0.328125
25	3.048936	0.193892	2.821152	0.328869
26	3.030407	0.203125	2.825123	0.331473
27	3.016777	0.212121	2.785654	0.343750
28	2.978398	0.214725	2.729955	0.360119
29	2.993297	0.208570	2.718169	0.363095
30	2.967925	0.222301	2.707615	0.380208

[test_metric]
ACC_class_level	0.195402
P_macro_class_level	0.105556
R_macro_class_level	0.195402
F1_macro_class_level	0.126108
num_classes_in_val	87
target_success_ratio_threshold	0.900000
target_success_rate_class_level	0.195402
