epoch	train_loss	train_acc	val_loss	val_acc
1	4.132499	0.017137	3.745611	0.070312
2	3.245103	0.094254	2.892398	0.140625
3	2.633746	0.206653	2.308422	0.270182
4	2.002850	0.375000	1.793224	0.457682
5	1.549879	0.530242	1.338075	0.608724
6	0.961638	0.739415	0.909397	0.745443
7	0.677921	0.808972	0.761333	0.776042
8	0.451922	0.877016	0.632022	0.819010
9	0.291818	0.926915	0.592548	0.837891
10	0.235918	0.938004	0.604936	0.836589
11	0.151894	0.963206	0.515056	0.861328
12	0.115627	0.971774	0.537651	0.828776
13	0.088579	0.979839	0.531668	0.862630
14	0.051449	0.993952	0.491224	0.866536
15	0.058469	0.987399	0.526847	0.847656
16	0.052750	0.986391	0.476718	0.871745
17	0.031766	0.992944	0.451593	0.881510
18	0.015013	0.999496	0.449969	0.878906
19	0.010291	1.000000	0.450584	0.884766
20	0.008607	1.000000	0.447922	0.880208
21	0.007875	1.000000	0.452419	0.885417
22	0.007402	1.000000	0.453893	0.884115
23	0.007016	1.000000	0.454049	0.885417
24	0.006675	1.000000	0.439342	0.888672
25	0.006366	1.000000	0.448386	0.886068
26	0.006116	1.000000	0.454256	0.885417
27	0.005925	1.000000	0.458785	0.883464
28	0.005747	1.000000	0.449521	0.885417
29	0.005579	1.000000	0.450993	0.885417
30	0.005420	1.000000	0.460263	0.884115

[test_metric]
ACC_sample_level	0.885081
P_macro_sample_level	0.893999
R_macro_sample_level	0.885081
F1_macro_sample_level	0.884346
num_classes_in_val	62
num_samples_in_val	496
