epoch	train_loss	train_acc	val_loss	val_acc
1	4.178353	0.015625	4.137674	0.016276
2	4.149494	0.012601	4.133672	0.016276
3	4.141270	0.010081	4.118158	0.016276
4	3.558131	0.066532	2.913741	0.148438
5	2.795795	0.162802	2.543080	0.227214
6	2.310651	0.290827	2.065309	0.386719
7	1.969555	0.392641	1.854701	0.414062
8	1.607082	0.502016	1.561917	0.537760
9	1.238978	0.642137	1.283235	0.638672
10	0.926778	0.734375	1.000915	0.731771
11	0.598378	0.840222	0.733508	0.804036
12	0.399090	0.900706	0.677534	0.800781
13	0.308427	0.925907	0.593642	0.839844
14	0.237892	0.943044	0.634211	0.839844
15	0.219094	0.944556	0.613963	0.835286
16	0.125443	0.971270	0.507390	0.867188
17	0.061827	0.995464	0.507883	0.866536
18	0.037261	0.997984	0.537103	0.860677
19	0.029508	0.998992	0.483338	0.876302
20	0.023683	0.998992	0.552769	0.854167
21	0.030917	0.996472	0.504698	0.873047
22	0.022321	0.998488	0.511875	0.873698
23	0.014628	1.000000	0.483882	0.882161
24	0.012173	1.000000	0.495482	0.880859
25	0.011084	1.000000	0.491236	0.880859
26	0.010357	1.000000	0.496688	0.876953
27	0.009887	1.000000	0.482822	0.883464
28	0.009437	1.000000	0.491652	0.880859
29	0.009028	1.000000	0.487171	0.878255
30	0.008655	1.000000	0.492972	0.880208

[test_metric]
ACC_sample_level	0.881048
P_macro_sample_level	0.888811
R_macro_sample_level	0.881048
F1_macro_sample_level	0.878336
num_classes_in_val	62
num_samples_in_val	496
