epoch	train_loss	train_acc	val_loss	val_acc
1	4.154532	0.016129	3.935207	0.043620
2	3.466394	0.064516	2.971310	0.139323
3	2.861156	0.156250	2.644498	0.203776
4	2.492685	0.222782	2.284715	0.299479
5	2.025625	0.377520	1.771790	0.475911
6	1.417315	0.572581	1.416136	0.555990
7	0.989532	0.709677	1.024480	0.721354
8	0.689649	0.804435	0.994035	0.717448
9	0.505424	0.861391	0.856544	0.772786
10	0.353771	0.902722	0.755829	0.784505
11	0.287060	0.919859	0.747335	0.807943
12	0.179672	0.958669	0.625453	0.842448
13	0.096226	0.981351	0.593900	0.859375
14	0.079314	0.983871	0.546471	0.869792
15	0.045261	0.994456	0.556713	0.861979
16	0.029806	0.997480	0.551545	0.867188
17	0.018341	0.998488	0.532573	0.870443
18	0.013667	1.000000	0.532839	0.868490
19	0.011560	1.000000	0.545759	0.871745
20	0.010386	1.000000	0.542845	0.871745
21	0.009568	1.000000	0.545397	0.869792
22	0.009021	1.000000	0.542316	0.869792
23	0.008547	1.000000	0.545642	0.871094
24	0.008111	1.000000	0.557843	0.867188
25	0.007715	1.000000	0.568923	0.867839
26	0.007376	1.000000	0.535164	0.872396
27	0.007137	1.000000	0.536398	0.873047
28	0.006910	1.000000	0.542966	0.870443
29	0.006687	1.000000	0.546487	0.871745
30	0.006479	1.000000	0.549400	0.870443

[test_metric]
ACC_sample_level	0.870968
P_macro_sample_level	0.878486
R_macro_sample_level	0.870968
F1_macro_sample_level	0.869239
num_classes_in_val	62
num_samples_in_val	496
