epoch	train_loss	train_acc	val_loss	val_acc
1	4.146861	0.014617	3.884817	0.066406
2	3.235561	0.099798	2.832802	0.154297
3	2.630659	0.207157	2.304191	0.281250
4	2.128503	0.338206	1.809724	0.444661
5	1.663938	0.485887	1.417531	0.568359
6	1.095626	0.686492	1.095118	0.677734
7	0.785180	0.780242	0.891464	0.733724
8	0.601675	0.819052	0.798594	0.771484
9	0.481579	0.858871	0.875204	0.737630
10	0.365451	0.898185	0.714882	0.822266
11	0.208473	0.946573	0.621227	0.831380
12	0.150062	0.964718	0.601438	0.834635
13	0.100993	0.977823	0.569328	0.844401
14	0.051051	0.991935	0.588939	0.852865
15	0.064596	0.986391	0.644121	0.842448
16	0.046489	0.992944	0.569991	0.851562
17	0.044367	0.990423	0.604782	0.854818
18	0.030858	0.995968	0.597280	0.851562
19	0.020081	0.997480	0.551899	0.870443
20	0.016822	0.997480	0.565078	0.857422
21	0.010369	1.000000	0.559648	0.863932
22	0.008852	1.000000	0.541536	0.867839
23	0.008318	1.000000	0.561498	0.863932
24	0.007703	1.000000	0.540080	0.867839
25	0.007244	1.000000	0.545659	0.871094
26	0.006895	1.000000	0.551988	0.869141
27	0.006645	1.000000	0.549367	0.869141
28	0.006418	1.000000	0.555972	0.868490
29	0.006201	1.000000	0.547009	0.871745
30	0.005996	1.000000	0.536507	0.874349

[test_metric]
ACC_sample_level	0.870968
P_macro_sample_level	0.884506
R_macro_sample_level	0.870968
F1_macro_sample_level	0.870202
num_classes_in_val	62
num_samples_in_val	496
