epoch	train_loss	train_acc	val_loss	val_acc
1	3.931370	0.047379	3.235516	0.128255
2	2.824137	0.176915	2.403112	0.311198
3	2.101047	0.362903	1.796977	0.505208
4	1.540560	0.547379	1.356944	0.616536
5	1.087703	0.697077	1.195738	0.661458
6	0.720617	0.803931	0.986281	0.742188
7	0.482023	0.865927	0.790508	0.795573
8	0.329646	0.912298	0.773049	0.787109
9	0.211489	0.946573	0.676375	0.824870
10	0.173641	0.957661	0.707129	0.804036
11	0.094237	0.982359	0.625237	0.831380
12	0.060239	0.990423	0.575026	0.851562
13	0.030604	0.997480	0.591251	0.838542
14	0.021648	0.998992	0.588655	0.839844
15	0.015092	1.000000	0.581982	0.847005
16	0.019309	0.997984	0.599555	0.858724
17	0.010624	1.000000	0.588546	0.850260
18	0.008541	1.000000	0.582668	0.855469
19	0.007693	1.000000	0.583620	0.854818
20	0.007117	1.000000	0.577793	0.853516
21	0.006674	1.000000	0.577361	0.855469
22	0.006371	1.000000	0.584978	0.857422
23	0.006100	1.000000	0.578906	0.856120
24	0.005841	1.000000	0.587037	0.853516
25	0.005601	1.000000	0.585999	0.854167
26	0.005397	1.000000	0.592857	0.853516
27	0.005249	1.000000	0.599335	0.850911
28	0.005103	1.000000	0.581552	0.855469
29	0.004963	1.000000	0.587855	0.853516
30	0.004829	1.000000	0.595769	0.852214

[test_metric]
ACC_sample_level	0.858871
P_macro_sample_level	0.870405
R_macro_sample_level	0.858871
F1_macro_sample_level	0.854352
num_classes_in_val	62
num_samples_in_val	496
