epoch	train_loss	train_acc	val_loss	val_acc
1	17.993517	0.043851	3.134262	0.109375
2	14.838146	0.132056	2.421656	0.255208
3	12.702970	0.283770	1.826810	0.444010
4	10.495098	0.468246	1.334833	0.625000
5	8.504305	0.652218	0.930225	0.711589
6	6.322795	0.820060	0.693538	0.815104
7	4.900941	0.883065	0.623922	0.836589
8	3.711705	0.941028	0.566953	0.860026
9	3.093923	0.946573	0.538373	0.873047
10	2.541575	0.964718	0.597904	0.867839
11	2.063434	0.978831	0.516119	0.903646
12	1.655976	0.995464	0.492023	0.914062
13	1.455523	0.996976	0.488239	0.916667
14	1.337865	1.000000	0.521406	0.917318
15	1.255773	1.000000	0.530484	0.915365
16	1.200860	1.000000	0.508820	0.921875
17	1.166105	1.000000	0.521222	0.921875
18	1.136353	1.000000	0.528411	0.921875
19	1.110203	1.000000	0.530413	0.925781
20	1.087627	1.000000	0.528041	0.927734
21	1.068724	1.000000	0.540599	0.925130
22	1.055340	1.000000	0.525866	0.923828
23	1.042907	1.000000	0.539384	0.925130
24	1.031835	1.000000	0.539172	0.923828
25	1.021100	1.000000	0.539270	0.918620
26	1.011395	1.000000	0.555142	0.923828
27	1.004822	1.000000	0.520153	0.918620
28	0.998285	1.000000	0.520893	0.919271
29	0.992092	1.000000	0.530067	0.919922
30	0.986387	1.000000	0.517813	0.919922

[test_metric]
ACC_class_level	0.951613
P_macro_class_level	0.932796
R_macro_class_level	0.951613
F1_macro_class_level	0.938172
num_classes_in_val	62
target_success_ratio_threshold	0.700000
target_success_rate_class_level	0.951613
