epoch	train_loss	train_acc	val_loss	val_acc
1	13.366215	0.040827	3.145908	0.109375
2	10.262842	0.171371	2.393520	0.224609
3	8.318767	0.352823	1.567464	0.549479
4	6.214516	0.629536	1.090985	0.669271
5	4.976391	0.735887	1.167411	0.677083
6	3.851027	0.832157	0.632776	0.801432
7	2.853191	0.919355	0.568386	0.851562
8	2.243834	0.954637	0.567005	0.857422
9	1.947244	0.969758	0.544334	0.875651
10	1.622319	0.983367	0.485085	0.893229
11	1.415962	0.993952	0.465164	0.901693
12	1.280730	0.997984	0.479026	0.900391
13	1.203631	0.998992	0.451986	0.905599
14	1.153560	0.999496	0.466299	0.908203
15	1.116236	1.000000	0.463689	0.908854
16	1.087243	1.000000	0.485451	0.908203
17	1.069037	1.000000	0.469476	0.901693
18	1.053381	1.000000	0.465611	0.902995
19	1.039307	1.000000	0.462217	0.904948
20	1.026619	1.000000	0.480345	0.898438
21	1.014808	1.000000	0.454485	0.903646
22	1.006952	1.000000	0.462088	0.899740
23	0.999727	1.000000	0.459129	0.901693
24	0.993311	1.000000	0.468673	0.900391
25	0.986595	1.000000	0.450652	0.904297
26	0.980154	1.000000	0.458536	0.902995
27	0.975705	1.000000	0.459277	0.902344
28	0.971736	1.000000	0.458518	0.907552
29	0.968130	1.000000	0.454964	0.908203
30	0.964093	1.000000	0.468601	0.901042
31	0.960154	1.000000	0.448388	0.905599
32	0.957449	1.000000	0.459003	0.904297
33	0.955070	1.000000	0.450413	0.903646
34	0.952489	1.000000	0.461022	0.904297
35	0.950145	1.000000	0.461818	0.906901

[test_metric]
ACC_class_level	0.919355
P_macro_class_level	0.892473
R_macro_class_level	0.919355
F1_macro_class_level	0.900538
num_classes_in_val	62
target_success_ratio_threshold	0.700000
target_success_rate_class_level	0.919355
