epoch	train_loss	train_acc	val_loss	val_acc
1	17.749609	0.022681	3.508185	0.054688
2	14.400227	0.120464	2.618607	0.187500
3	12.014155	0.260081	1.984321	0.391927
4	10.079333	0.419859	1.468936	0.519531
5	8.241732	0.588206	1.183273	0.637370
6	6.373691	0.759073	0.854901	0.762370
7	5.171911	0.825605	0.700558	0.809245
8	4.299770	0.875504	0.657279	0.822266
9	3.523702	0.903226	0.686210	0.826823
10	3.019201	0.925403	0.650378	0.845703
11	2.510512	0.948589	0.736565	0.822917
12	2.217580	0.961694	0.575885	0.878906
13	1.856208	0.983871	0.617526	0.871745
14	1.604344	0.989415	0.552157	0.885417
15	1.442536	0.995968	0.522150	0.894531
16	1.321958	0.996976	0.536889	0.899740
17	1.261413	0.998992	0.542958	0.898438
18	1.220142	0.998488	0.524215	0.902995
19	1.189866	0.998488	0.534918	0.902995
20	1.148820	1.000000	0.540244	0.904297
21	1.122077	1.000000	0.541361	0.906250
22	1.103118	1.000000	0.536844	0.895833
23	1.086809	1.000000	0.550150	0.900391
24	1.070943	1.000000	0.548131	0.901693
25	1.056761	1.000000	0.567165	0.901693
26	1.044081	1.000000	0.538346	0.904948
27	1.034956	1.000000	0.554889	0.903646
28	1.026540	1.000000	0.567966	0.904297
29	1.018288	1.000000	0.549684	0.905599
30	1.010469	1.000000	0.561706	0.901042

[test_metric]
ACC_class_level	0.951613
P_macro_class_level	0.927419
R_macro_class_level	0.951613
F1_macro_class_level	0.935484
num_classes_in_val	62
target_success_ratio_threshold	0.700000
target_success_rate_class_level	0.951613
