epoch	train_loss	train_acc	val_loss	val_acc
1	16.992117	0.031754	3.422878	0.047526
2	14.615915	0.056452	2.908335	0.111328
3	13.294536	0.102823	2.657281	0.161458
4	12.252240	0.191028	2.394240	0.216797
5	11.117948	0.314516	1.939265	0.404948
6	9.558788	0.463710	1.646533	0.513021
7	8.197141	0.593750	1.287274	0.617188
8	6.968258	0.705645	1.092273	0.688802
9	5.816134	0.789315	1.042529	0.733724
10	4.772553	0.852823	0.833929	0.796224
11	3.793290	0.914819	0.747228	0.831380
12	3.162842	0.943044	0.772760	0.830078
13	2.702205	0.965222	0.903870	0.822917
14	2.528457	0.957661	0.889468	0.822917
15	2.322794	0.959173	0.814918	0.845052
16	1.903463	0.984879	0.727244	0.875651
17	1.636800	0.997480	0.747873	0.873698
18	1.523632	0.999496	0.763601	0.870443
19	1.430298	0.999496	0.755747	0.883464
20	1.357227	1.000000	0.706742	0.876953
21	1.301933	1.000000	0.747240	0.880208
22	1.265834	1.000000	0.725732	0.879557
23	1.234771	1.000000	0.733870	0.878906
24	1.206389	1.000000	0.740012	0.886068
25	1.180776	1.000000	0.738566	0.872396
26	1.158345	1.000000	0.742618	0.882161
27	1.142379	1.000000	0.739031	0.883464
28	1.127577	1.000000	0.749282	0.875000
29	1.113480	1.000000	0.739801	0.882812
30	1.100171	1.000000	0.755084	0.878255

[test_metric]
ACC_class_level	0.951613
P_macro_class_level	0.927419
R_macro_class_level	0.951613
F1_macro_class_level	0.935484
num_classes_in_val	62
target_success_ratio_threshold	0.700000
target_success_rate_class_level	0.951613
