epoch	train_loss	train_acc	val_loss	val_acc
1	15.771923	0.025706	3.466285	0.058594
2	12.803503	0.120464	2.512604	0.224609
3	10.319875	0.321573	1.902954	0.407552
4	8.044823	0.557460	1.194350	0.659505
5	6.365334	0.703629	0.845086	0.775391
6	4.820630	0.816532	0.682039	0.787109
7	3.893616	0.883065	0.589330	0.846354
8	3.068258	0.923891	0.545194	0.852214
9	2.453918	0.950101	0.532755	0.860026
10	2.184897	0.963710	0.689117	0.830729
11	1.838710	0.978831	0.522254	0.884766
12	1.545273	0.994456	0.499797	0.879557
13	1.384031	0.998488	0.496392	0.895833
14	1.300051	0.997984	0.506826	0.900391
15	1.231053	0.999496	0.499004	0.901042
16	1.185571	1.000000	0.511491	0.895833
17	1.155821	1.000000	0.504337	0.904297
18	1.130499	1.000000	0.517219	0.900391
19	1.108464	1.000000	0.533037	0.894531
20	1.088078	1.000000	0.526810	0.900391
21	1.071491	1.000000	0.520321	0.902995
22	1.059720	1.000000	0.540517	0.900391
23	1.048562	1.000000	0.533257	0.901042
24	1.038507	1.000000	0.542316	0.895833
25	1.029408	1.000000	0.539478	0.896484
26	1.020185	1.000000	0.527159	0.899740
27	1.013772	1.000000	0.535458	0.894531
28	1.008148	1.000000	0.535538	0.892578
29	1.002500	1.000000	0.528281	0.893880
30	0.997047	1.000000	0.518860	0.899089

[test_metric]
ACC_class_level	0.967742
P_macro_class_level	0.951613
R_macro_class_level	0.967742
F1_macro_class_level	0.956989
num_classes_in_val	62
target_success_ratio_threshold	0.700000
target_success_rate_class_level	0.967742
