epoch	train_loss	train_acc	val_loss	val_acc
1	11.891170	0.023690	3.357583	0.091797
2	8.796809	0.165827	2.229216	0.314453
3	6.533868	0.382560	1.747432	0.460286
4	5.006828	0.581149	1.200601	0.622396
5	3.652571	0.732359	0.960723	0.747396
6	2.562865	0.827621	0.745385	0.792969
7	1.765297	0.891633	0.691263	0.819010
8	1.402274	0.910786	0.678781	0.833984
9	1.110501	0.931956	0.632513	0.830078
10	0.786325	0.959173	0.581001	0.859375
11	0.544522	0.980847	0.522595	0.885417
12	0.424995	0.987399	0.519116	0.891276
13	0.303692	0.994456	0.478319	0.895182
14	0.221453	0.997480	0.509417	0.888672
15	0.178915	0.998488	0.451212	0.898438
16	0.150030	0.999496	0.460113	0.893880
17	0.136223	1.000000	0.438718	0.899740
18	0.125748	1.000000	0.435834	0.907552
19	0.116601	1.000000	0.436913	0.908203
20	0.109167	1.000000	0.445431	0.899740

[test_metric]
ACC_class_level	0.919355
P_macro_class_level	0.884409
R_macro_class_level	0.919355
F1_macro_class_level	0.895161
num_classes_in_val	62
target_success_ratio_threshold	0.700000
target_success_rate_class_level	0.919355
