epoch	train_loss	train_acc	val_loss	val_acc
1	15.380007	0.033266	3.267723	0.077474
2	12.431201	0.103831	2.850324	0.140625
3	10.936557	0.167339	2.252725	0.261068
4	9.191576	0.343750	1.824779	0.406901
5	7.974913	0.459677	1.458017	0.551432
6	5.992824	0.671875	1.035303	0.688802
7	4.567560	0.787802	0.796025	0.788411
8	3.503521	0.858367	0.712144	0.800130
9	2.657705	0.890121	0.689685	0.822917
10	2.055339	0.915827	0.732844	0.817057
11	1.384176	0.958669	0.544574	0.875651
12	0.903349	0.980847	0.564336	0.886068
13	0.592514	0.990927	0.639958	0.878906
14	0.396660	0.996976	0.584117	0.890625
15	0.298910	0.998488	0.626920	0.879557
16	0.225875	1.000000	0.603383	0.886719
17	0.190493	1.000000	0.616903	0.888021
18	0.167321	1.000000	0.615645	0.887370
19	0.147961	1.000000	0.629952	0.889323
20	0.133089	1.000000	0.628351	0.888672

[test_metric]
ACC_class_level	0.935484
P_macro_class_level	0.903226
R_macro_class_level	0.935484
F1_macro_class_level	0.913979
num_classes_in_val	62
target_success_ratio_threshold	0.700000
target_success_rate_class_level	0.935484
