epoch	train_loss	train_acc	val_loss	val_acc
1	14.518290	0.041331	2.968590	0.113932
2	11.559180	0.141129	2.464229	0.251953
3	9.771396	0.301411	1.828133	0.431641
4	7.837985	0.502520	1.351726	0.601562
5	6.041084	0.653226	1.090532	0.680990
6	4.397728	0.786794	0.817875	0.789062
7	3.183803	0.876008	0.787617	0.807943
8	2.530492	0.898690	0.925005	0.786458
9	1.833946	0.928931	0.853378	0.830078
10	1.536476	0.929435	0.921115	0.818359
11	1.034470	0.964718	0.729188	0.865234
12	0.612741	0.986391	0.682555	0.873047
13	0.428679	0.992440	0.746819	0.889323
14	0.277060	0.998488	0.705124	0.887370
15	0.201925	1.000000	0.693029	0.893880
16	0.164987	1.000000	0.716321	0.889323
17	0.144838	1.000000	0.684491	0.891276
18	0.129298	1.000000	0.704517	0.880859
19	0.116218	1.000000	0.729675	0.889974
20	0.105727	1.000000	0.724574	0.886068

[test_metric]
ACC_class_level	0.935484
P_macro_class_level	0.903226
R_macro_class_level	0.935484
F1_macro_class_level	0.913979
num_classes_in_val	62
target_success_ratio_threshold	0.700000
target_success_rate_class_level	0.935484
