epoch	train_loss	train_acc	val_loss	val_acc
1	17.000295	0.016129	3.626227	0.070964
2	13.438577	0.168347	2.165161	0.337240
3	9.661881	0.478831	1.284110	0.610677
4	6.905248	0.687500	0.961265	0.688151
5	5.264932	0.773690	0.782674	0.789062
6	3.644426	0.865423	0.597656	0.844401
7	2.562957	0.906250	0.586461	0.847005
8	1.895742	0.932964	0.591268	0.844401
9	1.420408	0.956149	0.500330	0.868490
10	0.994754	0.970262	0.533045	0.882812
11	0.831616	0.973790	0.560393	0.869792
12	0.540079	0.987903	0.482146	0.901693
13	0.364198	0.996472	0.473185	0.905599
14	0.254250	0.999496	0.489184	0.901042
15	0.194159	0.999496	0.456477	0.914062
16	0.163979	1.000000	0.470203	0.906901
17	0.147788	0.999496	0.473586	0.910807
18	0.133434	1.000000	0.479914	0.910807
19	0.121792	1.000000	0.495649	0.899089
20	0.111774	1.000000	0.487339	0.899740

[test_metric]
ACC_class_level	0.935484
P_macro_class_level	0.908602
R_macro_class_level	0.935484
F1_macro_class_level	0.916667
num_classes_in_val	62
target_success_ratio_threshold	0.700000
target_success_rate_class_level	0.935484
