epoch	train_loss	train_acc	val_loss	val_acc
1	12.711169	0.077117	2.755447	0.164062
2	8.973626	0.321573	1.672445	0.534505
3	6.583345	0.582661	1.241257	0.639974
4	4.789274	0.730847	0.882992	0.756510
5	3.294907	0.831653	0.770880	0.804036
6	2.082513	0.920363	0.519779	0.869792
7	1.383163	0.956653	0.493304	0.880859
8	0.961907	0.965222	0.423091	0.900391
9	0.650146	0.984375	0.454287	0.895182
10	0.805274	0.962198	0.670588	0.860026
11	0.706104	0.972782	0.540385	0.882812
12	0.377493	0.992440	0.496997	0.900391
13	0.257523	0.994456	0.463039	0.906901
14	0.200596	0.998488	0.447778	0.913411
15	0.172175	0.996976	0.425387	0.917318
16	0.142710	1.000000	0.421061	0.919922
17	0.126265	1.000000	0.402771	0.914062
18	0.121644	0.998488	0.414637	0.915365
19	0.109595	1.000000	0.412799	0.921875
20	0.102406	1.000000	0.406187	0.922526

[test_metric]
ACC_class_level	0.967742
P_macro_class_level	0.959677
R_macro_class_level	0.967742
F1_macro_class_level	0.962366
num_classes_in_val	62
target_success_ratio_threshold	0.700000
target_success_rate_class_level	0.967742
