epoch	train_loss	train_acc	val_loss	val_acc
1	8.626200	0.005682	4.476858	0.010417
2	8.113882	0.017756	4.030699	0.034598
3	7.204455	0.042614	3.506504	0.114955
4	6.366809	0.116241	2.654060	0.231771
5	5.266040	0.262074	2.107328	0.333333
6	4.263167	0.486032	1.336401	0.637649
7	3.410776	0.693655	1.086430	0.696801
8	2.966074	0.763021	0.753725	0.796503
9	2.548502	0.852036	0.581851	0.863095
10	2.246138	0.907907	0.504544	0.864211
11	1.912936	0.970170	0.352047	0.914435
12	1.742860	0.978693	0.287554	0.934896
13	1.657313	0.985559	0.334940	0.917039
14	1.593176	0.988400	0.329557	0.917783
15	1.551709	0.986506	0.288241	0.912946
16	1.474795	0.993608	0.304119	0.928199
17	1.438541	0.994081	0.267227	0.932664
18	1.381669	0.997869	0.235909	0.949777
19	1.342075	1.000000	0.228352	0.949777
20	1.312333	1.000000	0.226533	0.947173
21	1.290797	1.000000	0.227167	0.943824
22	1.275694	1.000000	0.227149	0.946429
23	1.260203	1.000000	0.235906	0.937872
24	1.246158	1.000000	0.228411	0.947173
25	1.232611	1.000000	0.222703	0.947173
26	1.220539	1.000000	0.241456	0.943080
27	1.210841	1.000000	0.211693	0.953125
28	1.202077	1.000000	0.221328	0.947173
29	1.193222	1.000000	0.237913	0.944568
30	1.184367	1.000000	0.229257	0.943824

[test_metric]
ACC_sample_level	0.948276
P_macro_sample_level	0.949617
R_macro_sample_level	0.948276
F1_macro_sample_level	0.943122
num_classes_in_val	87
num_samples_in_val	348
