epoch	train_loss	train_acc	val_loss	val_acc
1	8.490147	0.016098	4.049070	0.031994
2	6.777048	0.094460	2.776364	0.265253
3	5.272171	0.294271	2.075136	0.401414
4	4.264270	0.499053	1.460786	0.592634
5	3.421847	0.711884	1.062078	0.739583
6	2.761896	0.835464	0.665635	0.806176
7	2.278018	0.913589	0.519538	0.864211
8	2.034183	0.943655	0.462065	0.873512
9	1.890070	0.955256	0.401934	0.894345
10	1.737390	0.973011	0.393925	0.909226
11	1.671116	0.978930	0.404537	0.890997
12	1.545918	0.990294	0.335343	0.912574
13	1.507929	0.987216	0.336145	0.917783
14	1.430507	0.994318	0.341034	0.914435
15	1.365773	0.997159	0.259779	0.931548
16	1.325099	1.000000	0.266374	0.939360
17	1.299926	1.000000	0.300980	0.932664
18	1.278892	1.000000	0.272406	0.936012
19	1.257373	1.000000	0.296094	0.929315
20	1.238112	1.000000	0.283468	0.937872
21	1.221770	1.000000	0.266883	0.941964
22	1.209391	1.000000	0.244645	0.941964
23	1.197506	1.000000	0.247739	0.941964
24	1.185937	1.000000	0.274498	0.931920
25	1.174461	1.000000	0.273427	0.938616
26	1.164880	1.000000	0.242097	0.941964
27	1.157203	1.000000	0.263248	0.941220
28	1.149833	1.000000	0.237406	0.941964
29	1.142824	1.000000	0.257812	0.932664
30	1.135849	1.000000	0.263356	0.935268

[test_metric]
ACC_sample_level	0.939655
P_macro_sample_level	0.952299
R_macro_sample_level	0.939655
F1_macro_sample_level	0.937812
num_classes_in_val	87
num_samples_in_val	348
