epoch	train_loss	train_acc	val_loss	val_acc
1	8.630608	0.015388	4.358295	0.021577
2	7.256309	0.099195	2.921887	0.220238
3	5.564510	0.291667	2.018644	0.446801
4	4.351319	0.526989	1.349990	0.628720
5	3.519877	0.687500	0.997763	0.708333
6	2.982043	0.788116	0.884603	0.731771
7	2.615060	0.844697	0.573975	0.843006
8	2.361016	0.881866	0.509444	0.854911
9	2.183941	0.906723	0.402877	0.876116
10	2.001803	0.937263	0.361336	0.910714
11	1.765824	0.985795	0.238832	0.928943
12	1.624002	0.992898	0.232139	0.949777
13	1.562085	0.994792	0.220940	0.947173
14	1.554437	0.989347	0.310371	0.917783
15	1.520720	0.989820	0.285253	0.922247
16	1.530512	0.985085	0.234421	0.946429
17	1.425968	0.998580	0.175177	0.950521
18	1.371361	1.000000	0.186025	0.947173
19	1.339987	1.000000	0.181657	0.954985
20	1.316453	1.000000	0.169905	0.960938
21	1.296535	1.000000	0.173368	0.954985
22	1.282836	1.000000	0.177324	0.957589
23	1.268910	1.000000	0.186315	0.957589
24	1.255855	1.000000	0.175054	0.954985
25	1.242671	1.000000	0.198854	0.954241
26	1.231046	1.000000	0.165532	0.960938
27	1.222332	1.000000	0.167415	0.960938
28	1.213708	1.000000	0.189357	0.954241
29	1.205525	1.000000	0.176865	0.957589
30	1.196929	1.000000	0.169441	0.957589

[test_metric]
ACC_sample_level	0.956897
P_macro_sample_level	0.964368
R_macro_sample_level	0.956897
F1_macro_sample_level	0.956851
num_classes_in_val	87
num_samples_in_val	348
