epoch	train_loss	train_acc	val_loss	val_acc
1	8.589332	0.006629	4.479535	0.010417
2	7.972686	0.032907	3.734072	0.061384
3	6.619011	0.140625	2.818447	0.229911
4	5.252410	0.346828	2.129403	0.412202
5	4.233088	0.535275	1.350080	0.662202
6	3.339751	0.731534	0.899492	0.749628
7	2.834334	0.817472	0.746290	0.826265
8	2.507600	0.879972	0.590080	0.836682
9	2.240795	0.923532	0.433257	0.895089
10	2.003618	0.956913	0.421933	0.900298
11	1.822118	0.976089	0.385402	0.908482
12	1.744280	0.980587	0.411865	0.898065
13	1.657319	0.986269	0.353986	0.911830
14	1.590928	0.992898	0.384724	0.906622
15	1.547749	0.991004	0.338724	0.917783
16	1.488469	0.996212	0.346518	0.918899
17	1.437491	0.999290	0.305238	0.928199
18	1.396845	1.000000	0.320504	0.921503
19	1.371271	1.000000	0.261444	0.936756
20	1.347178	1.000000	0.306065	0.921503
21	1.327023	1.000000	0.266410	0.934152
22	1.312329	1.000000	0.277995	0.933408
23	1.297724	1.000000	0.272900	0.936756
24	1.283153	1.000000	0.260567	0.936012
25	1.269669	1.000000	0.264361	0.941964
26	1.256811	1.000000	0.277975	0.932664
27	1.247649	1.000000	0.252344	0.947917
28	1.238173	1.000000	0.271348	0.941220
29	1.228788	1.000000	0.271678	0.939360
30	1.220243	1.000000	0.304712	0.934524

[test_metric]
ACC_sample_level	0.942529
P_macro_sample_level	0.953640
R_macro_sample_level	0.942529
F1_macro_sample_level	0.941653
num_classes_in_val	87
num_samples_in_val	348
