epoch	train_loss	train_acc	val_loss	val_acc
1	8.576027	0.008759	4.462179	0.010417
2	7.811056	0.025805	3.715394	0.056920
3	6.668533	0.106061	2.932955	0.163690
4	5.548907	0.239820	2.272178	0.354539
5	4.538261	0.437973	1.532822	0.544643
6	3.603401	0.661695	1.151278	0.666667
7	3.032121	0.766335	0.786220	0.766741
8	2.667834	0.833097	0.742175	0.820685
9	2.441113	0.875947	0.580672	0.857143
10	2.135689	0.931108	0.598754	0.845982
11	1.972550	0.946970	0.454210	0.879836
12	1.761448	0.982718	0.362184	0.913318
13	1.634389	0.994318	0.340225	0.932664
14	1.566404	0.991477	0.328723	0.919643
15	1.513451	0.995739	0.330424	0.900670
16	1.456405	0.998580	0.308122	0.930804
17	1.414083	0.999290	0.305438	0.919643
18	1.385407	0.999290	0.264691	0.940104
19	1.360123	1.000000	0.288420	0.922991
20	1.335784	1.000000	0.277286	0.931548
21	1.315130	1.000000	0.318525	0.918899
22	1.299599	1.000000	0.268841	0.923735
23	1.285233	1.000000	0.282735	0.926339
24	1.270568	1.000000	0.283825	0.925595
25	1.256197	1.000000	0.283402	0.928199
26	1.243757	1.000000	0.281528	0.925595
27	1.233881	1.000000	0.319356	0.916295
28	1.224292	1.000000	0.317840	0.918899
29	1.215329	1.000000	0.321601	0.918899
30	1.206445	1.000000	0.266808	0.931548

[test_metric]
ACC_sample_level	0.933908
P_macro_sample_level	0.942720
R_macro_sample_level	0.933908
F1_macro_sample_level	0.931919
num_classes_in_val	87
num_samples_in_val	348
